groupID featureID exonBaseMean dispersion stat pvalue padj Cont Muta log2fold_Muta_Cont genomicData.seqnames genomicData.start genomicData.end genomicData.width genomicData.strand countData.Cont_untr_071110075u_BRCA1c591_1neg_R.Aligned.sortedByCoord.out.countExon countData.Cont_untr_071110075u_BRCA1c591_2neg_TAATGCGC.TATAGCCT_L001_R.Aligned.sortedByCoord.out.countExon countData.Cont_untr_071110082u_BRCA1c591_1neg_R.Aligned.sortedByCoord.out.countExon countData.Cont_untr_071110082u_BRCA1c591_2neg_TAATGCGC.ATAGAGGC_L001_R.Aligned.sortedByCoord.out.countExon countData.Cont_untr_071110085u_BRCA1c591_1neg_R.Aligned.sortedByCoord.out.countExon countData.Cont_untr_071110085u_BRCA1c591_2neg_TAATGCGC.CCTATCCT_L001_R.Aligned.sortedByCoord.out.countExon countData.Cont_untr_071110097u_BRCA1c591_1neg_R.Aligned.sortedByCoord.out.countExon countData.Cont_untr_071110097u_BRCA1c591_2neg_TAATGCGC.GGCTCTGA_L001_R.Aligned.sortedByCoord.out.countExon countData.Cont_untr_071110134u_BRCA1c591_1neg_R.Aligned.sortedByCoord.out.countExon countData.Cont_untr_071110134u_BRCA1c591_2neg_TAATGCGC.AGGCGAAG_L001_R.Aligned.sortedByCoord.out.countExon countData.Cont_untr_081110021u_BRCA1c591_1neg_R.Aligned.sortedByCoord.out.countExon countData.Cont_untr_081110021u_BRCA1c591_2neg_TAATGCGC.TAATCTTA_L001_R.Aligned.sortedByCoord.out.countExon countData.Cont_untr_081110059u_BRCA1c591_1neg_R.Aligned.sortedByCoord.out.countExon countData.Cont_untr_081110059u_BRCA1c591_2neg_TAATGCGC.CAGGACGT_L001_R.Aligned.sortedByCoord.out.countExon countData.Cont_untr_081110065u_BRCA1c591_1neg_R.Aligned.sortedByCoord.out.countExon countData.Cont_untr_081110065u_BRCA1c591_2neg_CTGAAGCT.AGGCGAAG_L001_R.Aligned.sortedByCoord.out.countExon countData.Cont_untr_081110066u_BRCA1c591_1neg_R.Aligned.sortedByCoord.out.countExon countData.Cont_untr_081110066u_BRCA1c591_2neg_CTGAAGCT.TAATCTTA_L001_R.Aligned.sortedByCoord.out.countExon countData.Muta_untr_060090915u_BRCA1c671_1_R.Aligned.sortedByCoord.out.countExon countData.Muta_untr_060090915u_BRCA1c671_2_CTGAAGCT.TATAGCCT_L001_R.Aligned.sortedByCoord.out.countExon transcripts
BRCA1:EExon_001 BRCA1 EExon_001 0 NA NA NA NA NA NA NA chr17 41277288 41277500 213 - 0 0 0 0 0 0 0 0 0 0 0 0 0 0 0 0 0 0 0 0 c("NM_007300", "NM_007294")
BRCA1:EExon_002 BRCA1 EExon_002 0 NA NA NA NA NA NA NA chr17 41276034 41276132 99 - 0 0 0 0 0 0 0 0 0 0 0 0 0 0 0 0 0 0 0 0 c("NM_007298", "NM_007299", "NM_007300", "NM_007297", "NR_027676", "NM_007294")
BRCA1:EExon_003 BRCA1 EExon_003 0 NA NA NA NA NA NA NA chr17 41267743 41267796 54 - 0 0 0 0 0 0 0 0 0 0 0 0 0 0 0 0 0 0 0 0 c("NM_007298", "NM_007299", "NM_007300", "NR_027676", "NM_007294")
BRCA1:EExon_005 BRCA1 EExon_005 0 NA NA NA NA NA NA NA chr17 41258473 41258550 78 - 0 0 0 0 0 0 0 0 0 0 0 0 0 0 0 0 0 0 0 0 c("NM_007298", "NM_007299", "NM_007300", "NM_007297", "NM_007294")
BRCA1:EExon_006 BRCA1 EExon_006 0 NA NA NA NA NA NA NA chr17 41256885 41256973 89 - 0 0 0 0 0 0 0 0 0 0 0 0 0 0 0 0 0 0 0 0 c("NM_007298", "NM_007299", "NM_007300", "NM_007297", "NR_027676", "NM_007294")
BRCA1:EExon_007 BRCA1 EExon_007 0 NA NA NA NA NA NA NA chr17 41256139 41256278 140 - 0 0 0 0 0 0 0 0 0 0 0 0 0 0 0 0 0 0 0 0 c("NM_007298", "NM_007299", "NM_007300", "NM_007297", "NR_027676", "NM_007294")
BRCA1:EExon_008 BRCA1 EExon_008 1906.81723439067 0.107196157590136 0.0602201742221951 0.806148284043892 0.99949753720771 3.20626002862592 3.35365914471933 0.489907633243934 chr17 41251792 41251897 106 - 1707 9 2163 3050 1749 3620 1953 3034 1935 2977 2887 2092 2718 1844 2954 2996 3367 2671 3347 2177 c("NM_007298", "NM_007299", "NM_007300", "NM_007297", "NM_007294")
BRCA1:EExon_009 BRCA1 EExon_009 1198.95561790704 0.180615185105946 0.364991237645654 0.545747212523804 0.99949753720771 3.00952550922392 3.22083985757806 0.702515266727476 chr17 41249261 41249306 46 - 1260 3 1644 1676 1438 2650 1672 2009 1655 2055 1608 1021 1896 1007 1984 1310 2337 1393 3011 1397 c("NM_007298", "NM_007299", "NM_007300", "NM_007297", "NR_027676", "NM_007294")
BRCA1:EExon_010 BRCA1 EExon_010 1647.99627090581 0.236483725877806 0.000577635419062972 0.980825450901824 0.99949753720771 3.16058681860597 3.25418033035696 0.311104274807015 chr17 41247863 41247939 77 - 1845 4 2374 2234 2079 3580 2388 2638 2382 2842 2435 1551 2775 1368 2953 1737 3385 1989 4288 1118 c("NM_007298", "NM_007299", "NM_007300", "NM_007297", "NR_027676", "NM_007294")
BRCA1:EExon_0111 BRCA1 EExon_0111 3379.27112450783 0.303319278235494 0.920271460107415 0.337403705803768 0.99949753720771 3.48585629730578 3.38559146277995 -0.333195015272366 chr17 41243452 41246877 3426 - 3796 10 4751 5264 3773 6709 4112 5558 4163 5891 5822 3681 5638 2935 6210 5117 6941 4592 7344 934 c("NM_007300", "NM_007297", "NR_027676", "NM_007294")
BRCA1:EExon_012 BRCA1 EExon_012 2168.71992919392 5.41112515259744 0.00116611224291319 0.972758824789562 0.99949753720771 3.27280117841139 3.42155090674288 0.494359253374054 chr17 41242961 41243049 89 - 0 8 0 6900 0 7842 0 6574 0 7044 0 4756 3 3946 0 6551 0 5943 0 4015 c("NM_007298", "NM_007299", "NM_007300", "NM_007297", "NR_027676", "NM_007294")
BRCA1:EExon_013 BRCA1 EExon_013 2392.25348905946 5.9751151567479 3.96577206629445e-07 0.99949753720771 0.99949753720771 3.31225164772526 3.49068043261831 0.592964520866795 chr17 41234421 41234592 172 - 0 8 0 7470 0 8571 0 6940 0 7806 0 5302 0 4463 0 7303 0 6616 0 4708 c("NM_007298", "NM_007299", "NM_007300", "NM_007297", "NR_027676", "NM_007294")
BRCA1:EExon_014 BRCA1 EExon_014 1394.96005955411 5.50570249808796 9.9003611921944e-06 0.997489473185028 0.99949753720771 3.07873833483599 3.25010657695843 0.569665636850699 chr17 41228505 41228631 127 - 0 5 0 4253 0 4749 0 3802 0 4626 0 3310 0 2601 0 4312 0 3811 0 2705 c("NM_007297", "NR_027676", "NM_007294")
BRCA1:EExon_015 BRCA1 EExon_015 418.567284160126 4.53332165605908 0.000300157309766291 0.986177302689812 0.99949753720771 2.55511872100055 2.68892643594378 0.445567717140152 chr17 41226348 41226538 191 - 0 3 0 1168 0 1358 0 1071 0 1246 0 905 0 724 0 1224 0 1102 0 742 c("NM_007298", "NM_007299", "NM_007300", "NM_007297", "NR_027676", "NM_007294")
BRCA1:EExon_016 BRCA1 EExon_016 0 NA NA NA NA NA NA NA chr17 41222945 41223255 311 - 0 0 0 0 0 0 0 0 0 0 0 0 0 0 0 0 0 0 0 0 c("NM_007298", "NM_007299", "NM_007300", "NM_007297", "NR_027676", "NM_007294")
BRCA1:EExon_017 BRCA1 EExon_017 0 NA NA NA NA NA NA NA chr17 41219625 41219712 88 - 0 0 0 0 0 0 0 0 0 0 0 0 0 0 0 0 0 0 0 0 c("NM_007298", "NM_007299", "NM_007300", "NM_007297", "NR_027676", "NM_007294")
BRCA1:EExon_018 BRCA1 EExon_018 0 NA NA NA NA NA NA NA chr17 41215891 41215968 78 - 0 0 0 0 0 0 0 0 0 0 0 0 0 0 0 0 0 0 0 0 c("NM_007298", "NM_007299", "NM_007300", "NM_007297", "NR_027676", "NM_007294")
BRCA1:EExon_019 BRCA1 EExon_019 0 NA NA NA NA NA NA NA chr17 41215350 41215390 41 - 0 0 0 0 0 0 0 0 0 0 0 0 0 0 0 0 0 0 0 0 c("NM_007298", "NM_007299", "NM_007300", "NM_007297", "NR_027676", "NM_007294")
BRCA1:EExon_020 BRCA1 EExon_020 149.298983669239 1.24261634437702 0.513200919492419 0.473756475947649 0.99949753720771 0.747579506459183 0.169432923047696 -3.26657219442621 chr17 41209069 41209152 84 - 0 8 0 2 0 11 0 6 0 6 0 5 0 5 0 3 0 7 0 1 c("NM_007298", "NM_007299", "NM_007300", "NM_007297", "NR_027676", "NM_007294")
BRCA1:EExon_021 BRCA1 EExon_021 186.551981241218 1.29663466417854 0.645337790678639 0.421784489500278 0.99949753720771 1.01053647932422 0.17048591630495 -4.26536209103624 chr17 41203080 41203134 55 - 0 10 0 4 0 12 0 8 0 8 0 5 0 6 0 4 0 8 0 1 c("NM_007298", "NM_007299", "NM_007300", "NM_007297", "NR_027676", "NM_007294")
BRCA1:EExon_022 BRCA1 EExon_022 223.56825469304 1.33925198935169 0.663007171390802 0.415500301890719 0.99949753720771 1.33985200346949 0.171291233390481 -5.43174457519117 chr17 41201138 41201211 74 - 0 12 0 5 0 14 0 9 0 8 0 5 0 6 0 4 0 8 0 1 c("NM_007298", "NM_007300", "NM_007297", "NR_027676", "NM_007294")
BRCA1:EExon_023 BRCA1 EExon_023 204.936888483706 1.38932536899418 1.93837095071103 0.163845522939777 0.99949753720771 1.23205313007878 3.59501557196793e-06 -20.8879715855583 chr17 41199660 41199720 61 - 0 11 0 4 0 14 0 9 0 8 0 4 0 6 0 3 0 8 0 0 c("NM_007298", "NM_007299", "NM_007300", "NM_007297", "NR_027676", "NM_007294")
BRCA1:EExon_024 BRCA1 EExon_024 112.412704849835 1.23203084050374 0.42216931037899 0.515856580606537 0.99949753720771 0.640282981415174 0.169222251309122 -2.82146082407513 chr17 41196312 41197819 1508 - 0 6 0 4 0 8 0 7 0 22 0 2 0 2 0 2 0 4 0 1 c("NM_007298", "NM_007299", "NM_007300", "NM_007297", "NR_027676", "NM_007294")
BRCA2:EExon_001 BRCA2 EExon_001 0 NA NA NA NA NA NA NA chr13 32889617 32889804 188 + 0 0 0 0 0 0 0 0 0 0 0 0 0 0 0 0 0 0 0 0 NM_000059
BRCA2:EExon_002 BRCA2 EExon_002 0 NA NA NA NA NA NA NA chr13 32890559 32890664 106 + 0 0 0 0 0 0 0 0 0 0 0 0 0 0 0 0 0 0 0 0 NM_000059
BRCA2:EExon_003 BRCA2 EExon_003 0 NA NA NA NA NA NA NA chr13 32893214 32893462 249 + 0 0 0 0 0 0 0 0 0 0 0 0 0 0 0 0 0 0 0 0 NM_000059
BRCA2:EExon_004 BRCA2 EExon_004 0.224565499995001 40 0.0138361368154563 0.906363124033038 0.99949753720771 0.00199377270342221 0.00262335440503723 0.396958415125044 chr13 32899213 32899321 109 + 0 0 0 0 0 0 2 0 0 0 2 0 0 0 1 0 2 0 0 0 NM_000059
BRCA2:EExon_005 BRCA2 EExon_005 0.224565499995001 40 0.0138361368154563 0.906363124033038 0.99949753720771 0.00199377270342336 0.00262345520168562 0.397014014045126 chr13 32900238 32900287 50 + 0 0 0 0 0 0 2 0 0 0 2 0 0 0 1 0 2 0 0 0 NM_000059
BRCA2:EExon_006 BRCA2 EExon_006 0.337732648520479 40 0.00654048732023682 0.935542730293959 0.99949753720771 0.00298036326094552 0.00262351836134402 -0.184578640785754 chr13 32900379 32900419 41 + 0 0 1 0 0 0 2 0 2 0 2 0 0 0 1 0 2 0 0 0 NM_000059
BRCA2:EExon_007 BRCA2 EExon_007 0.400844984752753 40 0.00482585397026014 0.944616811530615 0.99949753720771 0.003533660910515 0.0026235530447544 -0.431155088518673 chr13 32900636 32900750 115 + 0 0 1 0 0 0 2 0 2 0 3 0 0 0 2 0 2 0 0 0 NM_000059
BRCA2:EExon_008 BRCA2 EExon_008 0.36230171754844 40 0.00567671082319521 0.939941053677327 0.99949753720771 0.00319855912568571 0.00262353212544062 -0.286867861989982 chr13 32903580 32903629 50 + 0 0 1 0 0 0 1 0 2 0 3 0 0 0 2 0 2 0 0 0 NM_000059
BRCA2:EExon_009 BRCA2 EExon_009 0.240185870833847 40 0.00978572945915346 0.921199529394076 0.99949753720771 0.00212368481819717 0.00262346372136394 0.305734042948481 chr13 32905056 32905167 112 + 0 0 1 0 0 0 1 0 2 0 1 0 0 0 1 0 1 0 0 0 NM_000059
BRCA2:EExon_010 BRCA2 EExon_010 0 NA NA NA NA NA NA NA chr13 32906409 32907524 1116 + 0 0 0 0 0 0 0 0 0 0 0 0 0 0 0 0 0 0 0 0 NM_000059
BRCA2:EExon_011 BRCA2 EExon_011 0 NA NA NA NA NA NA NA chr13 32910402 32915333 4932 + 0 0 0 0 0 0 0 0 0 0 0 0 0 0 0 0 0 0 0 0 NM_000059
BRCA2:EExon_012 BRCA2 EExon_012 0 NA NA NA NA NA NA NA chr13 32918695 32918790 96 + 0 0 0 0 0 0 0 0 0 0 0 0 0 0 0 0 0 0 0 0 NM_000059
BRCA2:EExon_013 BRCA2 EExon_013 0 NA NA NA NA NA NA NA chr13 32920964 32921033 70 + 0 0 0 0 0 0 0 0 0 0 0 0 0 0 0 0 0 0 0 0 NM_000059
BRCA2:EExon_014 BRCA2 EExon_014 0 NA NA NA NA NA NA NA chr13 32928998 32929425 428 + 0 0 0 0 0 0 0 0 0 0 0 0 0 0 0 0 0 0 0 0 NM_000059
BRCA2:EExon_015 BRCA2 EExon_015 0 NA NA NA NA NA NA NA chr13 32930565 32930746 182 + 0 0 0 0 0 0 0 0 0 0 0 0 0 0 0 0 0 0 0 0 NM_000059
BRCA2:EExon_016 BRCA2 EExon_016 0 NA NA NA NA NA NA NA chr13 32931879 32932066 188 + 0 0 0 0 0 0 0 0 0 0 0 0 0 0 0 0 0 0 0 0 NM_000059
BRCA2:EExon_017 BRCA2 EExon_017 0 NA NA NA NA NA NA NA chr13 32936660 32936830 171 + 0 0 0 0 0 0 0 0 0 0 0 0 0 0 0 0 0 0 0 0 NM_000059
BRCA2:EExon_018 BRCA2 EExon_018 0 NA NA NA NA NA NA NA chr13 32937316 32937670 355 + 0 0 0 0 0 0 0 0 0 0 0 0 0 0 0 0 0 0 0 0 NM_000059
BRCA2:EExon_019 BRCA2 EExon_019 0 NA NA NA NA NA NA NA chr13 32944539 32944694 156 + 0 0 0 0 0 0 0 0 0 0 0 0 0 0 0 0 0 0 0 0 NM_000059
BRCA2:EExon_020 BRCA2 EExon_020 0 NA NA NA NA NA NA NA chr13 32945093 32945237 145 + 0 0 0 0 0 0 0 0 0 0 0 0 0 0 0 0 0 0 0 0 NM_000059
BRCA2:EExon_021 BRCA2 EExon_021 0 NA NA NA NA NA NA NA chr13 32950807 32950928 122 + 0 0 0 0 0 0 0 0 0 0 0 0 0 0 0 0 0 0 0 0 NM_000059
BRCA2:EExon_022 BRCA2 EExon_022 0 NA NA NA NA NA NA NA chr13 32953454 32953652 199 + 0 0 0 0 0 0 0 0 0 0 0 0 0 0 0 0 0 0 0 0 NM_000059
BRCA2:EExon_023 BRCA2 EExon_023 0 NA NA NA NA NA NA NA chr13 32953887 32954050 164 + 0 0 0 0 0 0 0 0 0 0 0 0 0 0 0 0 0 0 0 0 NM_000059
BRCA2:EExon_024 BRCA2 EExon_024 0 NA NA NA NA NA NA NA chr13 32954144 32954282 139 + 0 0 0 0 0 0 0 0 0 0 0 0 0 0 0 0 0 0 0 0 NM_000059
BRCA2:EExon_025 BRCA2 EExon_025 0 NA NA NA NA NA NA NA chr13 32968826 32969070 245 + 0 0 0 0 0 0 0 0 0 0 0 0 0 0 0 0 0 0 0 0 NM_000059
BRCA2:EExon_026 BRCA2 EExon_026 0 NA NA NA NA NA NA NA chr13 32971035 32971181 147 + 0 0 0 0 0 0 0 0 0 0 0 0 0 0 0 0 0 0 0 0 NM_000059
BRCA2:EExon_027 BRCA2 EExon_027 0 NA NA NA NA NA NA NA chr13 32972299 32973809 1511 + 0 0 0 0 0 0 0 0 0 0 0 0 0 0 0 0 0 0 0 0 NM_000059
