chr	start	end	strand	NM	intron	010080483t_BRCA2c7988_CCCAACCT-TGCTAAGT_L001_R.txt	010080483u_BRCA2c7988_CCCAACCT-TGAACCTT_L001_R.txt	071110075t_BRCA2c7988neg_GAAACCCA-TGAACCTT_L001_R.txt	071110075u_BRCA2c7988neg_CACCACAC-TGAACCTT_L001_R.txt	071110082t_BRCA2c7988neg_GAAACCCA-TGCTAAGT_L001_R.txt	071110082u_BRCA2c7988neg_CACCACAC-TGCTAAGT_L001_R.txt	071110085t_BRCA2c7988neg_GAAACCCA-TGTTCTCT_L001_R.txt	071110085u_BRCA2c7988neg_CACCACAC-TGTTCTCT_L001_R.txt	071110097t_BRCA2c7988neg_GAAACCCA-TAAGACAC_L001_R.txt	071110097u_BRCA2c7988neg_CACCACAC-TAAGACAC_L001_R.txt	071110134t_BRCA2c7988neg_GAAACCCA-CTAATCGA_L001_R.txt	071110134u_BRCA2c7988neg_CACCACAC-CTAATCGA_L001_R.txt	081110021t_BRCA2c7988neg_GAAACCCA-CTAGAACA_L001_R.txt	081110021u_BRCA2c7988neg_CACCACAC-CTAGAACA_L001_R.txt	081110059t_BRCA2c7988neg_GAAACCCA-TAAGTTCC_L001_R.txt	081110059u_BRCA2c7988neg_CACCACAC-TAAGTTCC_L001_R.txt	081110064t_BRCA2c7988neg_GAAACCCA-TAGACCTA_L001_R.txt	081110064u_BRCA2c7988neg_CACCACAC-TAGACCTA_L001_R.txt	081110065t_BRCA2c7988neg_CCCAACCT-TAAGTTCC_L001_R.txt	081110065u_BRCA2c7988neg_CCCAACCT-CTAATCGA_L001_R.txt	081110066t_BRCA2c7988neg_CCCAACCT-TAGACCTA_L001_R.txt	081110066u_BRCA2c7988neg_CCCAACCT-CTAGAACA_L001_R.txt
NC_000013.10	32937358	32965861	-	NM_000059	INTRON	0	0	0	0	0	0	0	0	0	0	0	0	0	0	0	0	0	0	0	1	0	0
NC_000013.10	32936751	32937415	+	NM_000059	INTRON	0	0	0	0	0	0	0	0	0	6	0	0	0	0	0	0	0	0	0	0	0	0
NC_000013.10	32905036	32931932	+	NM_000059	INTRON	0	0	0	0	1	0	0	1	1	0	0	2	1	1	2	1	1	1	2	2	0	1
NC_000013.10	32937670	32938053	-	NM_000059	INTRON	1	0	0	0	0	0	6	12	18	1	11	0	0	3	0	0	0	0	0	5	0	19
NC_000013.10	32937320	32972848	+	NM_000059	INTRON	0	0	0	0	0	0	0	0	0	0	0	0	0	0	1	0	0	0	0	0	0	0
NC_000013.10	32954050	32954143	+	NM_000059	INTRON	7	1	0	5	2	1	7	0	4	0	2	1	2	2	5	2	13	2	0	0	0	0
NC_000013.10	32937670	32941812	+	NM_000059	INTRON	0	0	0	0	0	0	0	0	17	0	0	0	8	0	0	0	1	0	0	0	0	0
NC_000013.10	32936679	32937315	+	NM_000059	INTRON	0	0	0	0	0	0	27	0	13	0	0	0	0	0	0	0	8	0	0	0	0	0
NC_000013.10	32936679	32937506	-	NM_000059	INTRON	0	0	0	0	0	0	0	0	0	0	0	0	0	0	2	0	0	0	0	8	0	0
NC_000013.10	32931956	32932007	+	NM_000059	INTRON	0	0	0	0	0	0	0	0	0	0	0	0	2	0	0	0	0	0	0	0	0	0
NC_000013.10	32937563	32937642	-	NM_000059	INTRON	0	0	0	0	0	2	0	0	0	0	0	0	0	0	0	0	0	0	0	0	0	0
NC_000013.10	32932065	32936659	-	NM_000059	INTRON	0	0	0	0	0	0	0	0	0	0	0	0	0	1	0	1	0	0	0	0	0	0
NC_000013.10	32936800	33000607	-	NM_000059	INTRON	1	0	0	0	0	0	0	0	0	0	0	0	0	0	0	0	0	0	0	0	0	0
NC_000013.10	32937670	32941790	+	NM_000059	INTRON	0	0	0	0	0	0	0	0	0	0	0	0	0	0	0	0	0	10	0	0	0	0
NC_000013.10	32937370	32944536	-	NM_000059	INTRON	0	0	0	0	0	0	0	0	0	0	0	0	0	0	0	0	0	0	0	0	12	0
NC_000013.10	32931966	32937506	+	NM_000059	INTRON	0	0	0	0	0	0	0	0	0	7	4	0	0	0	0	0	0	0	0	0	0	0
NC_000013.10	32937658	32957972	-	NM_000059	INTRON	0	0	0	0	0	0	0	0	0	0	0	1	0	0	0	0	0	0	0	0	0	0
NC_000013.10	32944577	33051241	-	NM_000059	INTRON	0	0	0	0	0	0	0	0	0	0	0	0	0	0	0	0	0	0	1	0	0	0
NC_000013.10	32936826	32937316	+	NM_000059	INTRON	0	0	0	0	0	0	0	0	0	0	4	0	0	0	0	0	0	0	0	0	0	0
NC_000013.10	32936683	32937460	+	NM_000059	INTRON	0	0	0	0	0	0	0	0	0	0	0	0	0	0	0	0	0	0	0	1	0	0
NC_000013.10	32936715	32937479	+	NM_000059	INTRON	0	0	0	0	0	0	0	0	0	1	0	0	0	0	0	0	0	0	0	0	0	0
NC_000013.10	32937469	32937578	+	NM_000059	INTRON	0	0	0	0	0	2	0	0	0	0	0	0	0	0	0	0	0	0	0	0	0	0
NC_000013.10	32936830	32939562	-	NM_000059	INTRON	0	0	0	0	0	0	13	0	14	0	9	0	0	0	0	0	0	0	14	0	57	0
NC_000013.10	32931957	32937455	+	NM_000059	INTRON	0	0	0	0	0	0	2	0	0	0	0	0	0	0	0	0	0	0	0	0	0	0
NC_000013.10	32937670	32941812	-	NM_000059	INTRON	0	0	0	0	0	0	0	0	10	0	0	0	12	0	0	0	3	0	0	0	0	0
NC_000013.10	32943533	32944538	-	NM_000059	INTRON	0	0	0	0	0	0	0	3	0	0	0	0	0	9	7	0	0	0	0	0	0	0
NC_000013.10	32936751	32937415	-	NM_000059	INTRON	0	0	0	0	0	0	0	0	0	2	0	0	0	0	0	0	0	0	0	0	0	0
NC_000013.10	32905035	32931932	-	NM_000059	INTRON	8	10	5	0	5	13	11	18	12	8	10	12	10	10	12	14	7	10	18	10	11	12
NC_000013.10	32936679	32937315	-	NM_000059	INTRON	0	0	0	0	0	0	17	0	16	0	0	0	0	0	0	0	6	0	0	0	0	0
NC_000013.10	32937445	33038686	+	NM_000059	INTRON	0	0	0	0	0	0	0	0	0	0	0	0	0	0	0	0	0	0	0	0	0	1
NC_000013.10	32936725	32937664	+	NM_000059	INTRON	0	0	0	0	0	0	0	0	0	0	0	0	11	0	0	0	0	0	0	0	0	0
NC_000013.10	32936830	32937336	+	NM_000059	INTRON	0	0	0	0	0	10	0	0	0	0	0	0	0	0	0	0	0	0	0	0	0	0
NC_000013.10	32931956	32932007	-	NM_000059	INTRON	0	0	0	0	0	0	0	0	0	0	0	0	4	0	0	0	0	0	0	0	0	0
NC_000013.10	32891561	32932060	+	NM_000059	INTRON	0	0	0	0	0	1	0	0	0	0	0	0	0	0	0	0	0	0	0	0	0	0
NC_000013.10	32936830	32944538	-	NM_000059	INTRON	1074	640	65	0	224	30	293	48	258	30	218	14	164	36	193	23	92	132	482	66	229	42
NC_000013.10	32905036	32931932	-	NM_000059	INTRON	4	0	1	0	1	1	0	2	1	0	2	1	1	0	0	3	2	1	0	0	0	1
NC_000013.10	32936694	32937316	+	NM_000059	INTRON	0	0	0	0	0	0	0	0	0	0	0	0	0	33	0	0	0	0	0	0	0	0
NC_000013.10	32938232	32944538	+	NM_000059	INTRON	0	0	0	0	0	0	0	0	6	0	3	0	0	2	0	0	0	0	0	5	0	6
NC_000013.10	32937353	32937508	-	NM_000059	INTRON	0	0	0	0	0	0	0	0	2	0	0	0	0	0	0	0	0	0	0	0	0	0
NC_000013.10	32936775	32937415	+	NM_000059	INTRON	0	0	0	0	0	0	0	1	0	0	0	0	0	0	0	0	0	0	0	0	0	0
NC_000013.10	32936679	32937577	+	NM_000059	INTRON	0	0	0	0	0	0	0	0	0	0	0	22	0	0	0	0	0	0	0	0	0	0
NC_000013.10	32910678	32936776	+	NM_000059	INTRON	0	0	0	0	0	0	0	0	0	0	0	1	0	0	0	0	0	0	0	0	0	0
NC_000013.10	32889243	32937353	+	NM_000059	INTRON	0	0	0	0	0	0	0	1	0	0	0	0	0	0	0	0	0	0	0	0	0	0
NC_000013.10	32936784	32937315	+	NM_000059	INTRON	0	0	0	0	0	0	0	0	0	0	0	0	0	0	0	4	0	0	0	0	0	0
NC_000013.10	32936830	32937336	-	NM_000059	INTRON	0	0	0	0	0	2	0	0	0	0	0	0	0	0	0	0	0	0	0	0	0	0
NC_000013.10	32936830	32937551	+	NM_000059	INTRON	0	0	0	0	0	0	0	0	0	0	0	0	0	0	6	0	0	0	0	0	0	0
NC_000013.10	32937457	32937590	-	NM_000059	INTRON	0	0	0	0	0	0	0	0	0	0	0	0	6	0	0	0	0	0	0	0	0	0
NC_000013.10	32932066	32944538	-	NM_000059	INTRON	604	414	584	0	654	66	606	168	568	146	496	118	854	260	550	134	906	272	760	200	590	192
NC_000013.10	32953652	32953886	-	NM_000059	INTRON	0	3	0	0	3	0	0	0	2	1	2	3	0	2	1	0	8	2	0	1	1	2
NC_000013.10	32937370	32944536	+	NM_000059	INTRON	0	0	0	0	0	0	0	0	0	0	0	0	0	0	0	0	0	0	0	0	12	0
NC_000013.10	32932066	32939562	+	NM_000059	INTRON	0	0	0	0	0	0	0	0	0	0	0	0	0	0	23	0	0	0	0	0	0	0
NC_000013.10	32936715	32937315	+	NM_000059	INTRON	0	0	0	0	0	0	0	0	0	0	0	0	0	13	0	0	0	0	0	0	0	0
NC_000013.10	32936825	32937312	+	NM_000059	INTRON	0	0	0	0	0	0	0	0	0	0	0	0	0	0	0	3	0	0	0	0	0	0
NC_000013.10	32936728	32937317	-	NM_000059	INTRON	0	0	0	0	0	0	0	0	0	0	0	0	1	0	0	0	0	0	0	0	0	0
NC_000013.10	32969070	32970127	-	NM_000059	INTRON	0	0	0	0	0	0	0	0	0	0	0	0	2	0	0	0	0	0	0	0	0	0
NC_000013.10	32944575	33182786	+	NM_000059	INTRON	0	0	0	0	0	0	0	1	0	0	0	0	0	0	0	0	0	0	0	0	0	0
NC_000013.10	32936728	32937317	+	NM_000059	INTRON	0	0	0	0	0	0	0	0	0	0	0	0	4	0	0	0	0	0	0	0	0	0
NC_000013.10	32937407	32964951	-	NM_000059	INTRON	0	0	0	0	0	0	0	0	0	1	0	0	0	0	0	0	0	0	0	0	0	0
NC_000013.10	32954282	32968825	+	NM_000059	INTRON	3	2	1	2	4	4	7	0	4	0	5	2	2	6	5	4	10	3	1	0	2	0
NC_000013.10	32937670	32939562	-	NM_000059	INTRON	0	0	0	0	0	0	6	2	0	0	4	0	0	0	0	0	0	0	0	0	0	0
NC_000013.10	32941957	32944538	-	NM_000059	INTRON	0	14	0	0	0	0	0	0	5	0	0	0	2	0	0	0	0	6	0	0	0	0
NC_000013.10	32936830	32937315	+	NM_000059	INTRON	2042	4111	2379	4	4443	9436	5398	8378	4666	8988	6036	10775	4815	10821	5286	8813	4622	8321	4967	8783	5751	7687
NC_000013.10	32937324	32937505	-	NM_000059	INTRON	0	30	0	0	0	0	0	0	0	0	0	0	0	0	0	0	0	0	0	0	0	0
NC_000013.10	32937670	32943506	+	NM_000059	INTRON	0	0	0	0	0	0	0	0	0	0	0	0	0	3	1	0	0	0	0	0	0	0
NC_000013.10	32935271	32936734	+	NM_000059	INTRON	0	0	0	0	0	0	0	0	0	0	0	0	0	0	1	0	0	0	0	0	0	0
NC_000013.10	32937457	32937590	+	NM_000059	INTRON	0	0	0	0	0	0	0	0	0	0	0	0	2	0	0	0	0	0	0	0	0	0
NC_000013.10	32937348	32990534	+	NM_000059	INTRON	0	0	0	0	0	0	0	0	0	0	0	0	0	0	0	0	0	0	1	0	0	0
NC_000013.10	32936679	32944538	+	NM_000059	INTRON	0	0	0	0	0	0	0	0	6	0	4	0	8	0	4	0	14	0	0	0	0	0
NC_000013.10	32936720	32936800	-	NM_000059	INTRON	0	0	0	0	0	1	0	0	0	0	0	0	0	0	0	0	0	0	0	0	0	0
NC_000013.10	32936679	32937577	-	NM_000059	INTRON	0	0	0	0	0	0	0	0	0	0	0	20	0	0	0	0	0	0	0	0	0	0
NC_000013.10	32932057	32937661	-	NM_000059	INTRON	0	0	0	0	0	0	0	0	0	0	0	0	0	0	0	0	0	0	2	0	0	0
NC_000013.10	32936830	32941812	-	NM_000059	INTRON	0	38	0	0	0	0	0	0	0	0	0	0	0	0	0	0	0	0	0	0	0	0
NC_000013.10	32937324	32944537	+	NM_000059	INTRON	13	0	0	0	0	0	0	0	0	0	0	0	0	0	0	0	0	0	0	0	0	0
NC_000013.10	32936830	32937315	-	NM_000059	INTRON	1592	3451	2082	4	4017	7622	4685	6610	4233	6285	5474	7651	4189	7866	4936	7085	4070	6202	3888	6154	4196	5447
NC_000013.10	32936830	32937317	-	NM_000059	INTRON	0	0	0	0	0	0	11	0	0	0	0	0	0	0	0	0	0	0	0	0	0	0
NC_000013.10	32932066	32937315	-	NM_000059	INTRON	0	0	0	0	0	0	0	0	7	0	0	0	5	14	0	0	0	7	0	0	0	0
NC_000013.10	32936830	32941812	+	NM_000059	INTRON	0	37	0	0	0	0	0	0	0	0	0	0	0	0	0	0	0	0	0	0	0	0
NC_000013.10	32932066	32936696	-	NM_000059	INTRON	0	0	0	0	0	0	0	0	0	0	0	0	2	0	0	0	0	0	0	0	0	0
NC_000013.10	32936679	32944552	-	NM_000059	INTRON	0	0	0	0	0	0	0	0	0	0	0	0	6	0	0	16	0	0	0	0	0	0
NC_000013.10	32971181	32972274	+	NM_000059	INTRON	0	0	0	0	0	2	0	0	0	0	0	0	0	0	0	0	0	0	0	0	0	0
NC_000013.10	32932007	32936727	+	NM_000059	INTRON	0	0	0	0	0	0	2	0	0	0	0	0	0	0	0	0	0	0	0	0	0	0
NC_000013.10	32937324	32937505	+	NM_000059	INTRON	0	24	0	0	0	0	0	0	0	0	0	0	0	0	0	0	0	0	0	0	0	0
NC_000013.10	32936679	32937506	+	NM_000059	INTRON	0	0	0	0	0	0	0	0	0	0	0	0	0	0	8	0	0	0	0	18	0	0
NC_000013.10	32936784	32937315	-	NM_000059	INTRON	0	0	0	0	0	0	0	0	0	0	0	0	0	0	0	2	0	0	0	0	0	0
NC_000013.10	32905036	32931933	-	NM_000059	INTRON	0	0	0	0	0	0	0	0	0	1	0	0	0	0	0	0	0	0	0	0	0	0
NC_000013.10	32954282	32958029	+	NM_000059	INTRON	0	0	0	0	0	0	0	0	0	0	0	0	0	0	0	1	0	0	0	0	0	0
NC_000013.10	32915408	32937521	+	NM_000059	INTRON	0	7	0	0	0	0	0	0	0	0	0	0	0	0	0	0	0	0	0	0	0	0
NC_000013.10	32936785	32937312	+	NM_000059	INTRON	0	0	0	0	0	0	0	0	0	0	0	0	0	0	0	0	0	0	6	0	0	0
NC_000013.10	32932035	32936817	-	NM_000059	INTRON	0	0	0	0	0	0	0	0	0	0	0	0	0	0	0	0	0	0	0	0	0	1
NC_000013.10	32937445	32937544	+	NM_000059	INTRON	0	0	0	0	1	0	0	0	0	0	0	0	0	0	0	0	0	0	0	0	0	0
NC_000013.10	32926992	32932041	-	NM_000059	INTRON	0	0	0	0	0	0	0	0	0	0	0	0	0	0	0	0	0	0	0	1	0	0
NC_000013.10	32937407	32964951	+	NM_000059	INTRON	0	0	0	0	0	0	0	0	1	0	0	0	0	0	0	0	0	0	0	0	0	0
NC_000013.10	32937670	32938053	+	NM_000059	INTRON	0	0	0	0	0	0	3	4	22	0	16	0	4	4	0	0	0	0	2	9	0	25
NC_000013.10	32936715	32937315	-	NM_000059	INTRON	0	0	0	0	0	0	0	0	0	0	0	0	0	19	0	0	0	0	0	0	0	0
NC_000013.10	32905035	32931933	-	NM_000059	INTRON	0	0	0	0	0	0	1	0	1	0	0	1	0	0	0	0	0	0	0	1	0	0
NC_000013.10	32936696	32936818	-	NM_000059	INTRON	0	0	0	0	0	0	0	0	0	2	0	0	0	0	0	0	0	0	0	0	0	0
NC_000013.10	32932066	32939562	-	NM_000059	INTRON	0	0	0	0	0	0	0	0	0	0	0	0	0	0	34	0	0	0	0	0	0	0
NC_000013.10	32953652	32953886	+	NM_000059	INTRON	2	2	0	7	0	0	1	4	0	2	0	0	0	2	1	3	10	4	0	0	2	0
NC_000013.10	32971181	32972298	-	NM_000059	INTRON	1	0	2	1	2	2	1	0	0	0	4	0	1	0	0	0	3	0	0	0	4	0
NC_000013.10	32937366	32995585	-	NM_000059	INTRON	0	0	0	0	0	0	0	0	0	0	0	2	0	0	0	0	0	0	0	0	1	0
NC_000013.10	32937337	33120952	+	NM_000059	INTRON	0	0	0	0	0	0	1	0	0	0	0	0	0	0	0	0	0	0	0	0	0	0
NC_000013.10	32932066	32937315	+	NM_000059	INTRON	0	0	0	0	0	0	0	0	19	0	0	0	7	24	0	0	0	14	0	0	0	0
NC_000013.10	32937325	33024129	-	NM_000059	INTRON	1	9	0	0	0	0	0	0	0	0	0	0	0	0	0	0	0	0	0	0	0	0
NC_000013.10	32931966	32936728	+	NM_000059	INTRON	0	0	0	0	0	5	0	0	0	0	0	0	0	0	0	6	0	0	0	0	0	0
NC_000013.10	32936830	32937317	+	NM_000059	INTRON	0	0	0	0	0	0	12	0	0	0	0	0	0	0	0	0	0	0	0	0	0	0
NC_000013.10	32939660	32944538	-	NM_000059	INTRON	0	0	0	0	0	0	12	1	6	0	6	0	0	0	17	0	0	0	4	0	27	0
NC_000013.10	32931986	32937585	-	NM_000059	INTRON	0	0	0	0	0	0	4	0	0	0	0	0	0	0	0	0	0	0	0	0	0	0
NC_000013.10	32936679	32944552	+	NM_000059	INTRON	0	0	0	0	0	0	0	0	0	0	0	0	8	0	0	12	0	0	0	0	0	0
NC_000013.10	32931966	32937551	-	NM_000059	INTRON	0	0	0	0	0	0	0	0	0	0	0	0	0	0	0	0	5	0	0	0	0	0
NC_000013.10	32936780	32937348	-	NM_000059	INTRON	0	0	0	0	0	0	0	0	0	7	0	0	0	0	0	0	0	0	0	0	0	0
NC_000013.10	32954282	32957175	-	NM_000059	INTRON	0	0	0	0	0	0	0	0	0	0	0	0	2	0	0	0	0	0	0	0	0	0
NC_000013.10	32953652	32953937	+	NM_000059	INTRON	1	0	0	0	0	0	0	0	0	0	0	0	0	0	0	0	0	0	0	0	0	0
NC_000013.10	32937670	32943506	-	NM_000059	INTRON	0	0	0	0	0	0	0	3	0	0	0	0	0	11	7	0	0	0	0	0	0	0
NC_000013.10	32936780	32937348	+	NM_000059	INTRON	0	0	0	0	0	0	0	0	0	7	0	0	0	0	0	0	0	0	0	0	0	0
NC_000013.10	32941957	32944538	+	NM_000059	INTRON	0	16	0	0	0	0	0	0	13	0	0	0	2	0	0	0	0	3	0	0	0	0
NC_000013.10	32937529	32937575	-	NM_000059	INTRON	0	0	0	0	0	0	1	0	0	0	0	0	0	0	0	0	0	0	0	0	0	0
NC_000013.10	32938153	32944538	-	NM_000059	INTRON	0	0	0	0	0	0	2	2	0	0	0	0	0	0	0	0	0	0	0	0	0	0
NC_000013.10	32931966	32937551	+	NM_000059	INTRON	0	0	0	0	0	0	0	0	0	0	0	0	2	0	0	0	1	0	0	0	0	0
NC_000013.10	32915408	32937521	-	NM_000059	INTRON	3	0	0	0	0	0	0	0	0	0	0	0	0	0	0	0	0	0	0	0	0	0
NC_000013.10	32937413	33066321	-	NM_000059	INTRON	0	0	0	0	0	0	0	0	0	0	0	0	0	1	0	0	0	0	0	0	0	0
NC_000013.10	32971181	32972298	+	NM_000059	INTRON	0	0	1	0	0	2	6	1	1	0	0	0	0	0	3	2	10	0	0	0	0	0
NC_000013.10	32938153	32944538	+	NM_000059	INTRON	0	0	0	0	0	0	2	1	0	0	0	0	1	0	0	0	0	0	0	0	0	0
NC_000013.10	32936741	32959841	-	NM_000059	INTRON	0	0	0	0	0	0	0	0	0	0	0	0	0	0	0	1	0	0	0	0	0	0
NC_000013.10	32932066	32936728	-	NM_000059	INTRON	0	0	0	0	0	0	3	0	0	5	0	0	0	0	0	0	0	0	0	0	0	0
NC_000013.10	32954282	32968825	-	NM_000059	INTRON	0	1	5	0	2	6	0	0	3	5	6	1	8	2	0	0	4	4	2	2	0	4
NC_000013.10	32936716	33215813	+	NM_000059	INTRON	0	0	0	0	0	0	0	0	0	0	0	0	0	1	0	0	0	0	0	0	0	0
NC_000013.10	32936679	32944538	-	NM_000059	INTRON	0	0	0	0	2	0	0	0	8	0	0	0	4	0	1	0	26	0	0	0	0	0
NC_000013.10	32932066	32937551	-	NM_000059	INTRON	0	0	0	0	0	0	0	0	0	0	0	0	14	0	0	0	0	0	0	0	0	0
NC_000013.10	32938232	32944538	-	NM_000059	INTRON	0	0	0	0	0	0	0	0	7	0	1	0	0	1	0	0	0	0	0	1	0	4
NC_000013.10	32936785	32937312	-	NM_000059	INTRON	0	0	0	0	0	0	0	0	0	0	0	0	0	0	0	0	0	0	5	0	0	0
NC_000013.10	32936725	32937664	-	NM_000059	INTRON	0	0	0	0	0	0	0	0	0	0	0	0	15	0	0	0	0	0	0	0	0	0
NC_000013.10	32958168	32968825	+	NM_000059	INTRON	0	0	0	0	0	0	0	0	0	0	0	0	0	0	0	1	0	0	0	0	0	0
NC_000013.10	32937529	32937575	+	NM_000059	INTRON	0	0	0	0	0	0	8	0	0	0	0	0	0	0	0	0	0	0	0	0	0	0
NC_000013.10	32937325	33024129	+	NM_000059	INTRON	0	1	0	0	0	0	0	0	0	0	0	0	0	0	0	0	0	0	0	0	0	0
NC_000013.10	32939660	32944538	+	NM_000059	INTRON	0	0	0	0	0	0	0	0	7	0	13	0	0	0	13	0	0	0	8	0	16	0
NC_000013.10	32957266	32968825	-	NM_000059	INTRON	0	0	0	0	0	0	0	0	0	0	0	0	2	0	0	0	0	0	0	0	0	0
NC_000013.10	32937670	32939562	+	NM_000059	INTRON	0	0	0	0	0	0	3	1	0	0	3	0	0	0	0	0	0	0	0	0	0	0
NC_000013.10	32936777	32936808	-	NM_000059	INTRON	0	0	0	0	0	0	0	0	0	0	0	0	0	4	0	0	0	0	0	0	0	0
NC_000013.10	32937494	33096656	-	NM_000059	INTRON	0	0	0	0	0	0	0	0	0	0	0	0	1	0	0	0	0	0	0	0	0	0
NC_000013.10	32943533	32944538	+	NM_000059	INTRON	0	0	0	0	0	0	0	0	0	0	0	0	0	0	1	0	0	0	0	0	0	0
NC_000013.10	32932066	32944538	+	NM_000059	INTRON	626	334	546	0	648	70	544	202	532	180	560	114	860	286	588	114	950	312	858	230	656	196
NC_000013.10	32932066	32936728	+	NM_000059	INTRON	0	0	0	0	0	0	0	0	0	7	0	0	0	0	0	0	0	0	0	0	0	0
NC_000013.10	32936732	33080384	-	NM_000059	INTRON	0	0	0	0	0	0	1	0	0	0	0	0	0	0	0	0	0	0	0	0	0	0
NC_000013.10	32937431	33041285	+	NM_000059	INTRON	0	0	0	0	0	1	0	0	0	0	0	0	0	0	0	0	0	0	0	0	0	0
NC_000013.10	32936826	32937316	-	NM_000059	INTRON	0	0	0	0	0	0	0	0	0	0	4	0	0	0	0	0	0	0	0	0	0	0
NC_000013.10	32905035	32937358	+	NM_000059	INTRON	0	0	0	0	0	0	1	0	0	0	0	0	0	0	0	0	0	0	0	0	0	0
NC_000013.10	32936696	32944538	-	NM_000059	INTRON	0	0	0	0	0	0	0	0	0	0	0	0	0	0	0	0	1	0	0	0	0	0
NC_000013.10	32932066	32936659	-	NM_000059	INTRON	4089	4652	1841	12	3806	6924	4650	6025	4187	5782	4790	7031	3964	7143	4503	6382	3651	5766	4583	6023	4489	5182
NC_000013.10	32969070	32971034	-	NM_000059	INTRON	2	0	1	4	2	4	6	0	1	0	3	0	6	2	0	2	8	2	0	0	4	1
NC_000013.10	32937670	32944552	+	NM_000059	INTRON	0	0	0	0	0	0	0	0	0	0	0	0	0	0	2	0	0	0	0	0	0	0
NC_000013.10	32905035	32931932	+	NM_000059	INTRON	5	9	8	0	10	14	17	14	11	10	10	14	11	18	14	12	6	14	11	13	5	10
NC_000013.10	32932062	32936742	+	NM_000059	INTRON	0	0	0	0	0	0	0	0	1	0	0	0	0	0	0	0	0	0	0	0	0	0
NC_000013.10	32937670	32944538	+	NM_000059	INTRON	937	1749	1131	1	1945	4021	2340	3507	2123	3327	2576	4274	2319	4242	2321	3703	2137	3444	2267	3533	2435	3374
NC_000013.10	32936830	32937551	-	NM_000059	INTRON	0	0	0	0	0	0	0	0	0	0	0	0	0	0	14	0	0	0	0	0	0	0
NC_000013.10	32932036	32936662	+	NM_000059	INTRON	0	0	0	0	0	0	0	0	0	0	0	0	0	0	0	0	0	0	0	1	0	0
NC_000013.10	32937670	32941790	-	NM_000059	INTRON	0	0	0	0	0	0	0	0	0	0	0	0	0	0	0	0	0	14	0	0	0	0
NC_000013.10	32937413	33066321	+	NM_000059	INTRON	0	0	0	0	0	1	0	0	0	0	0	0	0	0	0	0	0	0	0	0	0	0
NC_000013.10	32936694	32937316	-	NM_000059	INTRON	0	0	0	0	0	0	0	0	0	0	0	0	0	23	0	0	0	0	0	0	0	0
NC_000013.10	32936830	32944538	+	NM_000059	INTRON	1011	700	63	0	223	26	304	49	289	19	243	31	207	29	196	21	111	101	442	77	212	35
NC_000013.10	32931966	32937506	-	NM_000059	INTRON	0	0	0	0	0	0	0	0	0	4	0	0	0	0	0	0	0	0	0	0	0	0
NC_000013.10	32937346	32944555	-	NM_000059	INTRON	0	0	0	0	0	0	1	0	0	0	0	0	0	0	0	0	0	0	0	0	0	0
NC_000013.10	32969070	32971034	+	NM_000059	INTRON	0	0	2	2	2	0	0	1	4	0	2	1	1	0	2	3	9	0	1	0	0	0
NC_000013.10	32932066	32937551	+	NM_000059	INTRON	0	0	0	0	0	0	0	0	0	0	0	0	18	0	0	0	0	0	0	0	0	0
NC_000013.10	32936830	32939562	+	NM_000059	INTRON	0	0	0	0	0	0	3	0	15	0	19	0	0	0	0	0	0	0	21	0	37	0
NC_000013.10	32937327	33131470	-	NM_000059	INTRON	0	0	0	0	0	0	0	0	0	0	0	0	0	0	0	0	0	1	0	0	0	0
NC_000013.10	32936828	33174459	-	NM_000059	INTRON	0	0	0	0	0	0	0	0	0	0	0	0	0	0	0	1	0	0	0	0	0	0
NC_000013.10	32931966	32936728	-	NM_000059	INTRON	0	0	0	0	0	5	0	0	0	0	0	0	0	0	0	2	0	0	0	0	0	0
NC_000013.10	32937324	32944537	-	NM_000059	INTRON	19	1	0	0	0	0	0	0	0	0	0	0	0	0	0	0	0	0	0	2	0	0
NC_000013.10	32932066	32936659	+	NM_000059	INTRON	4391	4910	1948	9	4155	7631	4882	6802	4356	7054	5071	8332	4328	8728	4747	6957	3905	6919	4977	7214	4907	6030
NC_000013.10	32937670	32944538	-	NM_000059	INTRON	861	1605	1034	0	1708	3588	2113	3157	1843	3114	2337	3962	2059	3858	2080	3165	1703	3130	1818	3164	2054	2753
NC_000013.10	32936777	32936808	+	NM_000059	INTRON	0	0	0	0	0	0	0	0	0	0	0	0	0	3	0	0	0	0	0	0	0	0
NC_000013.10	32954050	32954143	-	NM_000059	INTRON	0	1	2	2	5	3	0	1	2	3	3	2	4	2	1	0	9	1	1	2	4	7
