chr	start	end	strand	NM	intron	071110075t_BRCA1c135neg_AACCCCTC-TGAACCTT_L001_R.txt	071110075u_BRCA1c135neg_ACCCAGCA-TGAACCTT_L001_R.txt	071110082t_BRCA1c135neg_AACCCCTC-TGCTAAGT_L001_R.txt	071110082u_BRCA1c135neg_ACCCAGCA-TGCTAAGT_L001_R.txt	071110085t_BRCA1c135neg_AACCCCTC-TGTTCTCT_L001_R.txt	071110085u_BRCA1c135neg_ACCCAGCA-TGTTCTCT_L001_R.txt	071110097t_BRCA1c135neg_AACCCCTC-TAAGACAC_L001_R.txt	071110097u_BRCA1c135neg_ACCCAGCA-TAAGACAC_L001_R.txt	071110134t_BRCA1c135neg_AACCCCTC-CTAATCGA_L001_R.txt	071110134u_BRCA1c135neg_ACCCAGCA-CTAATCGA_L001_R.txt	081110021t_BRCA1c135neg_AACCCCTC-CTAGAACA_L001_R.txt	081110021u_BRCA1c135neg_ACCCAGCA-CTAGAACA_L001_R.txt	081110059t_BRCA1c135neg_AACCCCTC-TAAGTTCC_L001_R.txt	081110059u_BRCA1c135neg_ACCCAGCA-TAAGTTCC_L001_R.txt	081110064t_BRCA1c135neg_AACCCCTC-TAGACCTA_L001_R.txt	081110064u_BRCA1c135neg_ACCCAGCA-TAGACCTA_L001_R.txt	081110065t_BRCA1c135neg_ACAAACGG-TAAGTTCC_L001_R.txt	081110065u_BRCA1c135neg_ACAAACGG-CTAATCGA_L001_R.txt	081110066t_BRCA1c135neg_ACAAACGG-TAGACCTA_L001_R.txt	081110066u_BRCA1c135neg_ACAAACGG-CTAGAACA_L001_R.txt	990061923t_BRCA1c135_ACAAACGG-TGCTAAGT_L001_R.txt	990061923u_BRCA1c135_ACAAACGG-TGAACCTT_L001_R.txt
NC_000017.10	41251902	41256138	+	NM_007294	INTRON	0	0	0	0	0	0	0	0	0	0	0	0	0	0	0	0	3	0	0	0	0	0
NC_000017.10	41258132	41258472	+	NM_007294	INTRON	0	0	0	0	0	0	0	0	0	0	0	0	0	0	7	0	0	0	0	0	0	0
NC_000013.10	32944694	32945092	+	NM_000059	INTRON	1	0	0	0	1	0	2	3	6	11	0	0	1	6	6	1	3	1	2	0	0	0
NC_000013.10	32954050	32954143	+	NM_000059	INTRON	0	0	0	0	0	0	20	0	0	0	0	0	0	0	0	0	0	0	0	0	0	0
NC_000017.10	41256904	41267751	-	NM_007294	INTRON	0	0	0	0	0	0	0	0	0	0	0	0	0	0	0	0	0	0	2	0	0	0
NC_000013.10	32945237	32949479	+	NM_000059	INTRON	0	0	0	0	0	0	0	0	3	0	0	0	0	0	0	0	0	0	0	0	0	0
NC_000017.10	41258542	41267743	-	NM_007294	INTRON	0	0	6	0	0	0	0	0	0	0	0	0	0	0	0	0	0	0	0	0	0	0
NC_000017.10	41258550	41267741	+	NM_007294	INTRON	10	0	0	0	0	0	0	0	0	0	12	0	0	0	0	0	0	0	3	1	0	0
NC_000017.10	41256278	41367977	+	NM_007294	INTRON	0	0	0	0	0	0	0	0	0	0	0	0	0	0	0	0	0	0	0	1	0	0
NC_000017.10	41251897	41256884	+	NM_007294	INTRON	0	0	0	0	0	0	0	0	0	0	0	0	0	0	0	0	0	0	14	0	0	0
NC_000017.10	41251888	41256182	+	NR_027676	INTRON	0	0	0	0	0	0	0	0	0	0	0	0	0	0	2	0	0	0	0	0	0	0
NC_000017.10	41256243	41267749	-	NM_007294	INTRON	0	0	0	0	0	0	0	0	0	0	0	0	10	0	0	0	0	0	0	0	0	0
NC_000017.10	41258550	41267738	+	NM_007294	INTRON	0	0	0	0	0	0	8	0	0	0	0	0	0	0	0	0	0	0	0	0	0	0
NC_000017.10	41276047	41320200	-	NM_007294	INTRON	0	0	0	0	0	0	0	0	0	0	0	0	0	0	0	0	0	0	0	0	0	1
NC_000017.10	41227646	41256186	+	NM_007298	INTRON	0	0	0	0	0	0	0	0	0	0	0	0	0	1	0	0	0	0	0	0	0	0
NC_000017.10	41251966	41256138	+	NM_007294	INTRON	3	0	0	0	0	0	0	0	0	0	0	2	0	0	10	0	0	0	0	0	0	0
NC_000017.10	41251894	41256959	+	NM_007294	INTRON	0	0	0	0	0	0	0	0	0	0	0	0	0	0	0	0	0	0	0	12	0	0
NC_000013.10	32900750	32903579	+	NM_000059	INTRON	0	0	0	0	0	0	0	0	0	0	0	0	0	0	0	0	0	0	0	2	0	0
NC_000017.10	41256891	41258486	+	NM_007294	INTRON	0	0	0	0	0	0	0	0	0	0	0	0	0	0	0	0	4	0	0	0	0	0
NC_000017.10	41267796	41273574	-	NM_007294	INTRON	125	0	51	123	96	165	41	47	315	178	136	125	47	67	48	134	58	119	77	72	85	110
NC_000017.10	41256973	41273574	+	NM_007294	INTRON	0	0	0	0	0	0	0	0	0	0	0	0	0	0	0	0	0	0	0	0	0	17
NC_000017.10	41271282	41276033	+	NM_007294	INTRON	3	0	0	18	6	0	0	2	0	7	0	5	0	4	0	5	0	5	0	4	19	0
NC_000017.10	41256973	41267742	+	NM_007294	INTRON	346	2	255	275	160	344	198	245	271	220	219	303	193	238	362	386	208	350	277	317	3922	3505
NC_000017.10	41256973	41267744	-	NM_007294	INTRON	0	0	0	0	0	0	0	0	0	0	0	2	0	0	0	0	0	0	0	0	0	0
NC_000017.10	41273693	41276033	-	NM_007294	INTRON	44	0	27	68	56	101	29	38	155	114	78	64	21	39	20	64	26	85	50	40	51	58
NC_000017.10	41258550	41267746	-	NM_007294	INTRON	0	0	0	0	0	0	0	0	0	0	0	0	0	0	0	0	0	0	0	8	0	5
NC_000017.10	41256891	41258486	-	NM_007294	INTRON	0	0	0	0	0	0	0	0	0	0	0	0	0	0	0	0	4	0	0	0	0	0
NC_000017.10	41256278	41276051	-	NM_007294	INTRON	0	0	0	0	0	0	2	0	0	0	0	0	0	0	0	0	0	0	0	0	0	0
NC_000017.10	41257032	41258494	-	NM_007294	INTRON	0	0	0	0	0	0	0	0	0	0	0	0	0	0	3	0	0	0	0	0	0	0
NC_000017.10	41256973	41258460	+	NM_007294	INTRON	0	0	0	0	0	0	0	3	0	0	0	0	0	0	0	0	0	0	0	0	0	0
NC_000017.10	41251894	41256959	-	NM_007294	INTRON	0	0	0	0	0	0	0	0	0	4	0	0	0	0	0	0	0	0	0	0	0	0
NC_000017.10	41256247	41267757	-	NM_007294	INTRON	0	0	0	0	0	0	0	6	0	0	0	0	0	0	0	0	0	0	0	0	0	0
NC_000017.10	41273697	41276033	-	NM_007294	INTRON	7	0	0	9	12	7	2	0	23	0	0	9	3	0	0	7	10	0	6	2	15	12
NC_000017.10	41197523	41256237	+	NM_007294	INTRON	0	0	0	0	1	0	0	0	0	0	0	0	0	0	0	0	0	0	0	0	0	0
NC_000017.10	41201012	41256183	-	NM_007294	INTRON	0	0	0	0	0	0	1	0	0	0	0	0	0	0	0	0	0	0	0	0	0	0
NC_000017.10	41251894	41256138	-	NM_007294	INTRON	1430	0	1593	1472	1286	1549	1537	1584	1647	1454	1651	1432	1124	1570	1421	1280	1473	1738	1317	1313	1578	1392
NC_000013.10	32900750	32903579	-	NM_000059	INTRON	0	0	0	0	0	0	0	0	0	0	0	0	0	0	0	0	0	0	0	0	0	2
NC_000017.10	41267796	41273574	+	NM_007294	INTRON	122	0	106	91	108	136	20	74	359	181	151	170	55	94	68	146	80	151	74	55	70	118
NC_000017.10	41267796	41271137	+	NM_007294	INTRON	5	0	0	31	13	2	0	4	0	16	0	12	0	5	0	15	3	12	9	15	24	0
NC_000017.10	41267796	41270813	+	NM_007294	INTRON	0	0	0	0	0	0	0	0	0	0	0	0	0	1	0	0	0	0	0	0	0	0
NC_000017.10	41264619	41267742	-	NM_007294	INTRON	0	0	0	4	4	8	0	4	0	8	0	10	0	3	0	13	7	0	3	2	4	0
NC_000013.10	32950928	32953453	-	NM_000059	INTRON	0	0	0	0	0	0	0	0	0	0	2	0	0	1	0	4	0	0	0	1	0	0
NC_000017.10	41256268	41256884	-	NM_007294	INTRON	0	0	0	0	0	0	0	0	0	0	0	0	0	0	0	2	0	0	0	0	0	0
NC_000017.10	41258529	41382361	-	NM_007294	INTRON	0	0	0	0	0	0	0	0	0	0	0	0	0	0	0	0	0	0	0	1	0	0
NC_000017.10	41256278	41256884	-	NM_007294	INTRON	8010	11	7673	7541	7126	8809	8942	9093	10025	8638	9085	8422	5331	7792	8334	7632	7503	8390	7511	8591	8113	7608
NC_000017.10	41256973	41258460	-	NM_007294	INTRON	0	0	0	0	0	0	0	1	0	0	0	0	0	0	0	0	0	0	0	0	0	0
NC_000013.10	32945237	32950806	+	NM_000059	INTRON	1	0	0	0	1	4	0	2	5	7	0	2	2	6	1	2	3	2	1	0	0	0
NC_000017.10	41251897	41258472	-	NM_007294	INTRON	0	0	0	0	0	0	0	0	0	0	0	0	0	0	0	0	0	0	4	0	0	0
NC_000017.10	41256278	41256402	-	NM_007294	INTRON	0	0	0	0	0	0	6	0	0	0	0	0	0	0	1	0	5	0	0	0	0	1
NC_000017.10	41273697	41276033	+	NM_007294	INTRON	8	0	0	7	12	8	1	0	19	0	0	7	1	0	0	13	13	5	2	2	5	20
NC_000017.10	41251894	41258494	-	NM_007294	INTRON	0	0	0	0	0	0	0	0	0	0	0	0	0	2	0	0	0	0	0	0	0	0
NC_000017.10	41258550	41267742	-	NM_007294	INTRON	6314	7	6163	6002	5972	6733	7020	7248	7838	6878	7314	6473	4296	6170	6530	5785	6000	6699	5798	6966	2674	2522
NC_000017.10	41267800	41276033	-	NM_007294	INTRON	0	0	0	0	0	0	0	5	0	0	0	0	0	0	15	0	0	0	3	0	0	0
NC_000017.10	41257976	41267742	+	NM_007294	INTRON	0	0	0	0	0	8	0	0	0	0	0	0	0	0	0	0	5	0	0	0	0	0
NC_000017.10	41251897	41256138	-	NM_007294	INTRON	3855	5	3707	3935	3804	4443	4490	4449	5119	4355	4324	4098	2612	3797	4219	3853	3620	4122	3881	4342	4052	3963
NC_000017.10	41258132	41258472	-	NM_007294	INTRON	0	0	5	0	0	0	0	0	0	0	0	0	0	0	3	0	0	0	2	0	0	0
NC_000017.10	41256934	41267777	-	NM_007294	INTRON	0	0	0	0	0	0	0	0	0	0	0	0	0	2	0	0	0	0	0	0	0	0
NC_000017.10	41258550	41261479	+	NM_007294	INTRON	0	0	0	0	0	0	0	0	0	0	0	0	0	0	0	0	0	0	1	0	0	0
NC_000017.10	41251897	41256138	+	NM_007294	INTRON	4401	11	3890	4241	3959	4560	4840	4710	5409	4618	4842	4455	2787	3960	4551	4007	3847	4153	4101	4734	4283	4080
NC_000013.10	32953652	32953886	-	NM_000059	INTRON	0	0	0	0	0	0	11	0	0	0	0	0	0	0	0	0	0	0	0	0	0	0
NC_000017.10	41258550	41267746	+	NM_007294	INTRON	0	0	0	0	0	0	0	0	0	0	0	0	0	0	0	0	2	6	0	4	0	2
NC_000017.10	41256202	41438122	+	NM_007294	INTRON	0	0	0	0	1	0	0	0	0	0	0	0	0	0	0	0	0	0	0	0	0	0
NC_000017.10	41267795	41276034	+	NM_007294	INTRON	0	0	0	1	0	0	0	0	0	0	0	0	0	0	0	0	0	0	0	2	0	0
NC_000013.10	32900419	32900635	-	NM_000059	INTRON	0	0	0	0	0	0	0	0	0	0	0	0	0	0	0	0	0	0	0	0	0	2
NC_000017.10	41256266	41256919	+	NM_007294	INTRON	0	0	0	0	0	0	0	0	0	0	10	0	0	0	0	0	0	0	0	0	0	0
NC_000017.10	41273699	41276033	-	NM_007294	INTRON	0	0	0	0	0	0	0	0	0	0	0	0	0	0	12	0	0	0	0	0	0	0
NC_000017.10	41256973	41257886	+	NM_007294	INTRON	10	0	9	0	0	8	0	0	38	0	24	0	0	0	10	2	8	0	29	0	2	0
NC_000017.10	41256225	41267749	+	NM_007294	INTRON	0	0	0	0	0	0	0	0	0	0	0	0	0	0	2	0	0	0	0	0	0	0
NC_000013.10	32954282	32968825	+	NM_000059	INTRON	0	0	0	0	0	0	21	0	0	0	0	0	0	0	0	0	0	0	0	0	0	0
NC_000017.10	41256154	41276058	-	NM_007294	INTRON	0	0	0	0	4	0	0	0	0	0	0	0	0	0	0	0	0	0	0	0	0	0
NC_000017.10	41256903	41258472	-	NM_007294	INTRON	0	0	11	0	3	0	5	0	0	0	0	0	7	0	14	0	5	0	0	0	0	0
NC_000017.10	41267750	41267784	-	NM_007294	INTRON	0	0	0	0	0	0	0	0	0	0	0	0	0	0	0	0	0	0	0	0	8	0
NC_000017.10	41276055	41280177	-	NM_007294	INTRON	0	0	0	0	0	0	0	0	0	0	1	0	0	0	0	0	0	0	0	0	0	0
NC_000017.10	41267796	41320186	-	NM_007294	INTRON	0	0	1	0	0	0	2	0	0	0	0	0	0	0	0	0	0	0	0	0	2	0
NC_000017.10	41256903	41267742	-	NM_007294	INTRON	0	0	0	0	0	0	0	0	0	0	0	0	0	0	0	4	0	0	0	0	0	0
NC_000017.10	41251889	41256167	+	NR_027676	INTRON	0	0	0	0	0	0	0	0	0	0	0	0	0	0	0	0	0	0	0	0	0	1
NC_000017.10	41258550	41276034	-	NM_007294	INTRON	0	0	0	0	0	0	0	0	0	0	2	0	0	0	0	0	0	0	0	0	0	0
NC_000017.10	41257032	41258472	-	NM_007294	INTRON	0	0	0	0	0	0	0	1	0	0	0	0	0	0	0	0	0	0	0	0	0	0
NC_000017.10	41256261	41258492	+	NM_007294	INTRON	0	0	0	0	0	0	0	1	0	0	0	0	0	0	0	0	0	0	0	0	0	0
NC_000017.10	41258132	41267742	-	NM_007294	INTRON	0	0	0	0	0	0	0	0	0	0	0	0	0	0	0	0	0	0	0	0	0	1
NC_000017.10	41256967	41258540	-	NM_007294	INTRON	0	0	0	0	0	0	0	2	0	0	0	0	0	0	0	0	0	0	0	0	0	0
NC_000017.10	41257976	41267742	-	NM_007294	INTRON	0	0	0	0	0	1	0	0	0	0	0	0	0	0	0	0	4	0	0	0	0	0
NC_000017.10	41251893	41256138	+	NR_027676	INTRON	0	0	0	0	0	0	0	0	0	0	0	0	0	1	0	0	0	0	0	0	0	0
NC_000017.10	41256967	41258540	+	NM_007294	INTRON	0	0	0	0	0	0	0	2	0	0	0	0	0	0	0	0	0	0	0	0	0	0
NC_000017.10	41276132	41276753	+	NM_007294	INTRON	0	0	0	0	8	0	0	0	0	0	0	0	0	0	0	0	0	0	0	0	0	0
NC_000017.10	41267749	41267784	+	NM_007294	INTRON	0	0	0	0	0	0	0	0	0	0	4	0	0	0	0	0	0	0	0	0	0	0
NC_000017.10	41256973	41267742	-	NM_007294	INTRON	382	0	237	234	182	342	192	220	261	199	239	335	151	226	376	373	220	320	301	289	3878	3399
NC_000017.10	41267796	41271137	-	NM_007294	INTRON	10	0	0	40	14	2	0	3	0	16	7	19	0	4	0	11	3	13	4	16	24	0
NC_000017.10	41258549	41267742	+	NM_007294	INTRON	0	0	0	0	0	0	0	0	0	0	0	0	2	0	9	2	5	0	0	7	0	0
NC_000017.10	41267749	41267784	-	NM_007294	INTRON	0	0	0	0	0	0	0	0	0	0	1	0	0	0	0	0	0	0	0	0	0	0
NC_000017.10	41256200	41442742	+	NM_007294	INTRON	0	0	0	0	0	0	0	2	0	0	0	0	0	0	0	0	0	0	0	0	0	0
NC_000017.10	41256278	41256893	-	NM_007294	INTRON	11	0	37	0	29	6	5	15	18	20	0	4	18	8	2	16	8	22	28	5	27	30
NC_000017.10	41258528	41309383	+	NM_007294	INTRON	0	0	0	0	0	0	0	0	0	0	0	0	0	1	0	0	0	0	0	0	0	0
NC_000017.10	41256972	41258472	+	NM_007294	INTRON	0	0	0	1	0	0	15	0	0	0	0	0	0	0	0	0	0	0	0	0	0	2
NC_000017.10	41251897	41267742	-	NM_007294	INTRON	0	0	0	0	0	0	0	0	0	0	0	0	0	0	12	0	0	0	4	0	0	4
NC_000017.10	41251894	41258472	+	NM_007294	INTRON	0	0	0	0	0	0	0	0	39	0	0	0	0	0	0	0	0	0	0	0	0	0
NC_000017.10	41276132	41276753	-	NM_007294	INTRON	0	0	0	0	4	0	0	0	0	0	0	0	0	0	0	0	0	0	0	0	0	0
NC_000017.10	41258550	41267742	+	NM_007294	INTRON	7014	9	6815	6548	6614	7198	7601	7587	8575	7363	8272	7118	4823	6902	7160	6452	6280	7156	6428	7486	2903	2695
NC_000017.10	41258549	41267396	+	NM_007294	INTRON	0	0	0	0	0	0	0	0	0	0	0	0	0	0	0	0	0	0	0	1	0	0
NC_000017.10	41264623	41267742	-	NM_007294	INTRON	0	0	0	0	0	0	14	0	0	0	0	10	0	0	0	0	0	0	0	0	0	0
NC_000017.10	41251894	41258472	-	NM_007294	INTRON	0	0	0	0	0	0	0	0	39	0	0	0	0	0	0	0	0	0	0	0	0	0
NC_000017.10	41257976	41258494	+	NM_007294	INTRON	9	0	0	0	0	0	0	0	37	0	0	0	0	0	0	0	0	0	17	0	0	0
NC_000017.10	41258132	41267742	+	NM_007294	INTRON	0	0	0	0	0	0	0	0	0	0	0	0	0	0	0	0	0	0	0	0	0	2
NC_000017.10	41256263	41267750	-	NM_007294	INTRON	8	0	0	0	0	0	0	0	0	0	0	0	0	0	0	0	0	0	0	0	0	0
NC_000017.10	41271284	41276033	-	NM_007294	INTRON	0	0	0	0	0	0	0	0	0	0	0	0	0	0	0	0	3	0	0	2	0	0
NC_000017.10	41276112	41404013	-	NM_007294	INTRON	0	0	0	0	0	0	0	0	0	0	0	0	2	0	0	0	0	0	0	0	0	0
NC_000017.10	41251966	41256138	-	NM_007294	INTRON	1	0	0	0	0	0	0	0	0	0	0	2	0	0	4	0	0	0	0	0	0	0
NC_000017.10	41237565	41256250	+	NM_007294	INTRON	0	0	0	0	0	0	0	1	0	0	0	0	0	0	0	0	0	0	0	0	0	0
NC_000017.10	41276055	41280177	+	NM_007294	INTRON	0	0	0	0	0	0	0	0	1	0	0	0	0	0	0	0	1	0	0	0	0	0
NC_000013.10	32937670	32945092	-	NM_000059	INTRON	0	0	0	0	0	0	0	0	2	0	0	0	0	0	0	0	0	0	0	0	0	0
NC_000013.10	32950928	32953453	+	NM_000059	INTRON	1	0	0	0	1	4	0	0	3	1	0	1	1	3	0	2	3	2	0	0	0	0
NC_000017.10	41256263	41267750	+	NM_007294	INTRON	9	0	0	0	0	0	0	0	0	0	0	0	0	0	0	0	0	0	0	0	0	0
NC_000017.10	41262597	41276033	-	NM_007294	INTRON	0	0	0	0	0	0	0	0	0	0	0	0	0	0	0	0	0	0	0	0	0	7
NC_000017.10	41276083	41542151	+	NM_007294	INTRON	0	0	0	0	0	0	1	0	0	0	0	0	1	0	0	0	1	0	0	0	0	0
NC_000017.10	41251897	41256884	-	NM_007294	INTRON	0	0	0	0	0	0	0	0	0	0	0	0	0	0	0	0	0	0	9	0	0	0
NC_000017.10	41249306	41251791	-	NM_007294	INTRON	0	0	0	0	0	0	0	0	0	1	0	0	0	0	0	0	0	0	1	0	0	1
NC_000017.10	41251897	41258472	+	NM_007294	INTRON	0	0	0	0	0	0	0	0	0	0	0	0	0	0	0	0	0	0	2	0	0	0
NC_000017.10	41267795	41276034	-	NM_007294	INTRON	0	0	0	4	0	0	0	0	0	0	0	0	0	0	0	0	0	0	0	0	0	0
NC_000017.10	41256278	41256893	+	NM_007294	INTRON	8	0	41	0	20	8	12	19	4	25	0	5	22	13	6	9	16	24	43	3	46	28
NC_000017.10	41258550	41276034	+	NM_007294	INTRON	0	0	0	0	0	0	0	0	0	0	10	0	0	0	0	0	0	0	0	0	0	0
NC_000017.10	41218289	41256922	-	NM_007294	INTRON	0	0	0	0	0	0	0	0	0	0	0	1	0	0	0	0	0	0	0	0	0	0
NC_000017.10	41256915	41267767	-	NM_007294	INTRON	0	0	0	0	0	0	0	1	0	0	0	0	0	0	0	0	0	0	0	0	0	0
NC_000017.10	41256266	41267770	+	NM_007294	INTRON	0	0	0	0	0	0	4	0	0	0	0	0	0	0	0	0	0	0	0	0	0	0
NC_000017.10	41256934	41267777	+	NM_007294	INTRON	0	0	0	0	0	0	0	0	0	0	0	0	0	2	0	0	0	0	0	0	0	0
NC_000013.10	32949543	32950806	+	NM_000059	INTRON	0	0	0	0	0	0	0	0	3	0	0	0	0	0	0	0	0	1	0	0	0	0
NC_000017.10	41256973	41257886	-	NM_007294	INTRON	11	0	6	0	0	4	2	0	28	0	24	0	0	0	15	3	5	0	23	0	6	3
NC_000017.10	41256973	41276033	+	NM_007294	INTRON	24	0	7	0	0	21	0	0	0	2	0	0	2	17	4	3	3	2	4	0	81	98
NC_000017.10	41256973	41262481	+	NM_007294	INTRON	0	0	0	0	0	0	0	9	0	0	1	0	0	2	10	7	0	7	6	0	35	13
NC_000017.10	41256253	41258471	+	NM_007294	INTRON	0	0	0	0	0	0	0	0	0	0	0	0	1	0	0	0	0	0	0	0	0	0
NC_000017.10	41258550	41262481	+	NM_007294	INTRON	90	0	43	41	60	74	33	55	43	75	48	63	66	177	100	77	46	141	60	139	30	7
NC_000017.10	41257976	41258494	-	NM_007294	INTRON	6	0	0	0	0	0	0	0	28	0	0	0	0	0	0	0	0	0	12	0	0	0
NC_000017.10	41256974	41258488	+	NM_007294	INTRON	0	0	0	0	0	0	0	0	0	0	0	0	3	0	0	0	0	0	0	0	0	0
NC_000013.10	32949543	32950806	-	NM_000059	INTRON	0	0	0	0	0	0	0	0	0	0	0	0	0	0	2	0	0	0	0	0	0	0
NC_000017.10	41256903	41258494	+	NM_007294	INTRON	2	0	0	0	0	0	0	0	0	0	0	0	0	0	6	0	0	0	0	0	20	0
NC_000017.10	41256243	41267749	+	NM_007294	INTRON	0	0	0	0	0	0	0	0	0	0	0	0	4	0	0	0	0	0	0	0	0	0
NC_000017.10	41258550	41276033	-	NM_007294	INTRON	46	0	114	56	25	50	53	129	155	122	34	104	30	86	80	42	46	76	62	66	58	58
NC_000017.10	41256903	41267742	+	NM_007294	INTRON	0	0	0	0	0	0	0	0	0	0	0	0	0	0	0	9	0	0	0	0	0	0
NC_000017.10	41273693	41276033	+	NM_007294	INTRON	64	0	41	54	50	70	10	56	168	99	90	100	30	42	29	72	25	83	50	36	33	50
NC_000017.10	41256196	41267749	-	NM_007294	INTRON	0	0	0	0	0	0	0	0	0	0	0	0	0	0	0	0	12	0	0	0	0	0
NC_000017.10	41256945	41267758	-	NM_007294	INTRON	0	0	0	0	0	0	0	0	0	0	0	0	0	1	0	0	0	0	0	0	0	0
NC_000017.10	41256973	41258494	-	NM_007294	INTRON	594	0	836	441	752	541	719	487	899	552	633	406	528	512	498	355	639	389	694	486	189	177
NC_000013.10	32953652	32953886	+	NM_000059	INTRON	0	0	0	0	0	0	18	0	0	0	0	0	0	0	0	0	0	0	0	0	0	0
NC_000013.10	32971181	32972298	-	NM_000059	INTRON	0	0	0	0	0	0	6	0	0	0	0	0	0	0	0	0	0	0	0	0	0	0
NC_000017.10	41256278	41256884	+	NM_007294	INTRON	9181	12	8588	8395	8152	9320	9859	9654	11143	9490	10247	9191	6124	8733	9349	8258	7962	9191	8160	9503	8474	8142
NC_000017.10	41249306	41251791	+	NM_007294	INTRON	0	0	1	0	1	0	2	1	0	0	0	0	0	1	1	0	0	0	0	0	0	0
NC_000017.10	41256953	41490854	-	NM_007294	INTRON	0	0	0	0	0	0	0	0	0	0	0	0	0	0	0	0	0	0	1	0	0	0
NC_000017.10	41251897	41276033	-	NM_007294	INTRON	0	0	0	0	0	0	0	0	0	0	0	0	2	0	0	0	0	0	0	0	0	0
NC_000017.10	41276099	41404013	+	NM_007294	INTRON	0	0	0	0	0	0	0	1	0	0	0	0	0	0	0	0	0	0	0	0	0	0
NC_000017.10	41256903	41258494	-	NM_007294	INTRON	4	0	0	0	0	0	3	0	0	0	0	0	0	0	8	0	0	0	0	0	21	0
NC_000017.10	41258550	41261479	-	NM_007294	INTRON	0	0	0	0	0	0	0	0	0	0	0	0	0	0	0	0	0	0	3	0	0	0
NC_000017.10	41256903	41258472	+	NM_007294	INTRON	0	0	11	0	1	0	7	0	0	0	0	0	8	0	16	0	6	0	4	0	0	0
NC_000017.10	41267752	41276033	+	NM_007294	INTRON	0	0	0	0	0	2	0	0	0	0	1	0	0	0	0	0	0	0	0	0	0	0
NC_000017.10	41251894	41258494	+	NM_007294	INTRON	0	0	0	0	0	2	0	0	0	0	0	0	0	0	0	0	0	0	0	0	0	0
NC_000017.10	41262601	41267742	+	NM_007294	INTRON	11	0	0	0	0	9	0	0	5	0	0	2	6	14	0	1	5	23	0	13	17	0
NC_000017.10	41258557	41267742	-	NM_007294	INTRON	0	0	0	0	0	0	0	2	0	0	0	0	0	0	0	0	0	0	0	0	0	0
NC_000017.10	41267796	41276033	-	NM_007294	INTRON	4493	4	4345	4186	4178	4665	4950	5147	5241	4704	4980	4603	3070	4379	4723	4169	4287	4753	4148	5104	4730	4220
NC_000017.10	41262597	41276033	+	NM_007294	INTRON	0	0	0	2	0	0	0	0	0	0	0	0	0	0	0	0	0	0	0	0	0	5
NC_000017.10	41251894	41256884	-	NM_007294	INTRON	0	0	0	0	0	0	0	0	0	0	0	0	0	0	0	0	0	0	0	0	8	0
NC_000017.10	41258550	41267741	-	NM_007294	INTRON	9	0	0	0	0	0	0	0	0	0	7	0	0	0	0	0	0	0	4	2	0	0
NC_000017.10	41258550	41276033	+	NM_007294	INTRON	73	0	108	43	24	68	83	140	198	149	70	100	61	80	91	33	66	86	66	78	64	77
NC_000017.10	41237194	41256173	+	NM_007294	INTRON	0	0	0	0	0	0	0	0	0	0	0	0	0	0	0	0	0	1	0	0	0	0
NC_000017.10	41258550	41262111	+	NM_007294	INTRON	0	0	0	0	0	0	0	0	0	0	0	0	0	0	0	0	2	0	0	0	0	0
NC_000013.10	32945237	32950806	-	NM_000059	INTRON	0	0	0	0	0	2	2	0	2	4	2	0	0	5	0	4	0	0	0	2	0	1
NC_000017.10	41256247	41267757	+	NM_007294	INTRON	0	0	0	0	0	0	0	9	0	0	0	0	0	0	0	0	0	0	0	0	0	0
NC_000017.10	41251894	41256884	+	NM_007294	INTRON	0	0	0	0	0	0	0	0	0	0	0	0	0	0	0	0	0	0	0	0	4	0
NC_000017.10	41256960	41258487	+	NM_007294	INTRON	0	0	0	0	0	0	0	0	0	0	0	0	0	0	0	0	0	0	2	0	0	0
NC_000017.10	41256266	41256919	-	NM_007294	INTRON	0	0	0	0	0	0	0	0	0	0	7	0	0	0	0	0	0	0	0	0	0	0
NC_000017.10	41262601	41267742	-	NM_007294	INTRON	8	0	0	0	0	7	0	0	14	0	0	9	8	6	0	3	2	20	0	9	18	0
NC_000017.10	41271284	41276033	+	NM_007294	INTRON	0	0	0	0	0	0	0	0	0	0	0	0	0	0	0	0	2	0	0	2	0	0
NC_000017.10	41256973	41273574	-	NM_007294	INTRON	0	0	0	0	0	3	0	0	0	0	0	0	0	0	0	0	0	0	0	0	0	9
NC_000013.10	32971181	32972298	+	NM_000059	INTRON	0	0	0	0	0	0	6	0	0	0	0	0	0	0	0	0	0	0	0	0	0	0
NC_000017.10	41258542	41267743	+	NM_007294	INTRON	0	0	17	0	0	0	0	0	0	0	0	0	0	0	0	0	0	0	0	0	0	0
NC_000017.10	41258517	41418331	+	NM_007294	INTRON	0	0	0	0	0	0	0	0	1	0	0	0	0	0	0	0	0	0	0	0	0	0
NC_000017.10	41256973	41258472	-	NM_007294	INTRON	7207	11	6672	6918	6202	7874	7957	8438	8862	7929	8247	7714	4712	7194	7498	6801	6692	7909	6507	8091	3200	3103
NC_000017.10	41205320	41256918	-	NM_007294	INTRON	0	0	0	0	0	0	0	0	0	0	0	1	0	0	0	0	0	0	0	0	0	0
NC_000013.10	32954282	32968825	-	NM_000059	INTRON	0	0	0	0	0	0	28	0	0	0	0	0	0	0	0	0	0	0	0	0	0	0
NC_000017.10	41251893	41256138	-	NR_027676	INTRON	0	0	0	0	0	0	1	0	0	0	0	0	0	0	0	0	0	0	0	0	0	0
NC_000017.10	41251884	41256965	-	NR_027676	INTRON	0	0	0	0	0	0	0	0	1	0	0	0	0	0	0	0	0	0	0	0	0	0
NC_000017.10	41256973	41258472	+	NM_007294	INTRON	8063	11	7457	7619	7175	8398	8697	8820	9863	8698	9460	8570	5421	7978	8345	7573	7074	8572	7119	8657	3359	3174
NC_000017.10	41256278	41256886	-	NM_007294	INTRON	0	0	7	0	0	0	0	0	0	0	0	0	0	0	0	0	0	0	0	0	0	0
NC_000017.10	41258550	41262111	-	NM_007294	INTRON	0	0	0	0	0	0	0	0	0	0	0	0	0	0	0	0	5	0	0	0	0	0
NC_000017.10	41258550	41273574	-	NM_007294	INTRON	2	0	0	0	0	0	0	20	0	0	0	0	0	0	0	0	6	9	0	0	0	0
NC_000017.10	41257976	41258472	-	NM_007294	INTRON	0	0	3	0	0	0	2	0	0	0	33	0	0	0	14	4	3	0	8	0	7	0
NC_000013.10	32944694	32945092	-	NM_000059	INTRON	0	2	0	2	0	2	4	2	0	8	0	0	2	1	1	0	2	0	1	0	0	2
NC_000017.10	41256196	41267749	+	NM_007294	INTRON	0	0	0	0	0	0	0	0	0	0	0	0	0	0	0	0	4	0	0	0	0	0
NC_000017.10	41258550	41264503	-	NM_007294	INTRON	0	0	1	6	8	2	8	1	0	14	0	12	0	3	0	9	2	0	0	4	5	1
NC_000017.10	41256455	41256884	+	NM_007294	INTRON	0	0	0	0	0	0	4	0	0	0	0	0	0	0	14	0	4	0	0	0	4	4
NC_000017.10	41264623	41267742	+	NM_007294	INTRON	0	0	0	0	0	0	15	0	0	0	0	13	0	0	0	0	0	0	0	0	0	0
NC_000017.10	41257032	41258494	+	NM_007294	INTRON	0	0	0	0	0	0	0	0	0	0	0	0	0	0	2	0	0	0	0	0	0	0
NC_000017.10	41256278	41267742	+	NM_007294	INTRON	4	0	0	0	0	0	0	7	0	0	0	0	0	0	0	0	0	0	9	0	2	0
NC_000017.10	41256455	41256884	-	NM_007294	INTRON	0	0	0	0	0	0	6	0	0	0	0	0	0	0	4	0	3	0	0	0	1	1
NC_000017.10	41256970	41258472	-	NM_007294	INTRON	0	0	0	0	0	0	0	11	0	0	0	0	0	0	0	0	0	0	0	0	0	0
NC_000017.10	41251902	41256138	-	NM_007294	INTRON	0	0	0	0	0	0	0	0	0	0	0	0	0	0	0	0	4	0	0	0	0	0
NC_000017.10	41256973	41276033	-	NM_007294	INTRON	10	0	15	0	0	8	0	0	0	2	0	0	4	2	1	3	7	2	0	0	63	85
NC_000013.10	32944686	32945104	-	NM_000059	INTRON	0	0	0	1	0	0	0	0	0	0	0	0	0	0	0	0	0	0	0	0	0	0
NC_000013.10	32945237	32949479	-	NM_000059	INTRON	0	0	0	0	0	0	0	0	0	0	0	0	0	0	2	0	0	0	0	0	0	0
NC_000017.10	41276101	41509749	-	NM_007294	INTRON	0	0	0	0	0	0	0	0	0	0	1	0	0	0	0	0	0	0	0	0	0	0
NC_000017.10	41258550	41356870	+	NM_007294	INTRON	0	0	0	0	0	0	0	0	0	1	0	0	0	0	0	0	0	0	0	0	0	0
NC_000017.10	41256154	41276058	+	NM_007294	INTRON	0	0	0	0	4	0	0	0	0	0	0	0	0	0	0	0	0	0	0	0	0	0
NC_000017.10	41264619	41267742	+	NM_007294	INTRON	0	0	2	6	6	1	0	12	0	2	0	7	2	2	0	10	7	3	2	2	5	4
NC_000017.10	41267800	41276033	+	NM_007294	INTRON	0	0	0	1	0	0	0	8	0	0	0	0	0	0	13	0	0	0	2	0	0	2
NC_000017.10	41262227	41267742	-	NM_007294	INTRON	0	0	0	0	0	0	0	0	0	0	0	0	0	0	0	0	3	0	0	0	0	0
NC_000017.10	41256278	41267742	-	NM_007294	INTRON	0	0	0	0	0	0	0	3	0	0	0	0	0	0	0	0	0	0	4	0	2	0
NC_000017.10	41273699	41276033	+	NM_007294	INTRON	0	0	0	0	0	0	0	0	0	0	0	0	0	0	1	0	0	0	0	0	0	0
NC_000017.10	41256278	41256886	+	NM_007294	INTRON	0	0	13	0	0	0	0	0	0	0	0	0	0	0	0	0	0	0	0	0	0	0
NC_000013.10	32945237	32949450	+	NM_000059	INTRON	0	0	0	0	0	0	0	0	0	0	0	0	0	0	0	0	1	1	0	0	0	0
NC_000013.10	32969070	32971034	-	NM_000059	INTRON	0	0	0	0	0	0	14	0	0	0	0	0	0	0	0	0	0	0	0	0	0	0
NC_000017.10	41257976	41258472	+	NM_007294	INTRON	0	0	8	0	0	0	0	0	0	0	29	0	0	0	11	2	3	0	7	0	1	0
NC_000017.10	41258550	41273574	+	NM_007294	INTRON	0	0	0	0	0	2	0	24	0	0	2	0	0	0	0	0	2	15	0	0	0	0
NC_000017.10	41256266	41267770	-	NM_007294	INTRON	0	0	0	0	0	0	8	0	0	0	0	0	0	0	0	0	0	0	0	0	0	0
NC_000017.10	41256917	41259048	+	NM_007294	INTRON	0	0	0	0	0	0	0	0	0	0	0	0	0	0	0	0	0	0	0	1	0	0
NC_000017.10	41258522	41276033	-	NM_007294	INTRON	0	0	0	0	0	0	0	0	0	0	0	0	0	0	0	0	1	0	0	0	0	0
NC_000017.10	41251894	41256138	+	NM_007294	INTRON	1540	0	1687	1485	1282	1728	1717	1788	1848	1626	1888	1561	1228	1812	1562	1345	1617	1875	1318	1528	1609	1557
NC_000017.10	41242298	41256948	+	NM_007294	INTRON	0	0	0	0	0	1	0	0	0	0	0	0	0	0	0	0	0	0	0	0	0	0
NC_000013.10	32937670	32944538	+	NM_000059	INTRON	0	0	0	0	0	0	2	1	3	1	0	0	0	0	2	2	0	0	0	0	0	0
NC_000017.10	41256193	41419285	-	NM_007294	INTRON	0	0	0	0	0	0	0	0	0	0	0	0	0	0	0	0	0	1	0	0	0	0
NC_000017.10	41251897	41267742	+	NM_007294	INTRON	0	0	0	0	0	0	0	0	0	0	0	0	0	0	4	0	0	0	6	0	0	12
NC_000017.10	41258550	41264503	+	NM_007294	INTRON	0	0	2	6	2	0	8	3	0	2	0	10	1	3	0	9	7	1	2	6	2	2
NC_000017.10	41258546	41478411	+	NM_007294	INTRON	0	0	0	0	0	1	0	0	0	0	0	0	0	0	0	0	0	0	0	0	0	0
NC_000017.10	41258519	41276033	+	NM_007294	INTRON	0	0	4	0	0	0	0	0	0	0	0	0	0	0	0	0	0	0	0	0	0	0
NC_000017.10	41258510	41471601	+	NM_007294	INTRON	0	0	0	0	0	0	0	0	0	0	0	0	0	0	0	0	0	1	0	0	0	0
NC_000017.10	41267752	41276033	-	NM_007294	INTRON	0	0	0	0	0	1	0	0	0	0	0	0	0	0	0	0	0	0	0	0	0	0
NC_000017.10	41256973	41258494	+	NM_007294	INTRON	680	0	908	437	886	596	800	433	966	604	618	395	625	589	554	393	675	404	736	493	220	238
NC_000017.10	41256278	41256402	+	NM_007294	INTRON	0	0	0	0	0	0	3	0	0	0	0	0	0	0	18	0	3	0	0	0	5	7
NC_000017.10	41267796	41276033	+	NM_007294	INTRON	4853	6	4781	4535	4574	4975	5300	5336	5665	4943	5620	4944	3383	4782	5061	4580	4392	5106	4553	5443	4880	4297
NC_000017.10	41258516	41315617	+	NM_007294	INTRON	0	0	0	0	0	0	0	0	1	0	0	0	0	0	0	0	0	0	0	0	0	0
NC_000017.10	41256970	41258472	+	NM_007294	INTRON	0	0	0	0	0	0	0	18	0	0	0	0	0	0	0	0	0	0	0	0	0	0
NC_000013.10	32969070	32971034	+	NM_000059	INTRON	0	0	0	0	0	0	19	0	0	0	0	0	0	0	0	0	0	0	0	0	0	0
NC_000013.10	32903629	32905055	+	NM_000059	INTRON	0	0	0	0	0	0	0	0	0	0	0	0	0	0	0	0	0	0	0	2	0	0
NC_000017.10	41258550	41262481	-	NM_007294	INTRON	55	0	45	40	41	85	47	50	44	74	53	56	35	113	101	83	47	135	77	178	14	5
NC_000017.10	41258523	41341629	+	NM_007294	INTRON	0	0	0	0	0	1	0	0	0	0	0	0	0	0	0	0	0	0	0	0	0	0
NC_000017.10	41256263	41258526	+	NM_007294	INTRON	0	0	0	0	0	0	0	0	0	0	0	0	0	0	0	0	0	0	0	2	0	0
NC_000017.10	41267763	41428167	-	NM_007294	INTRON	0	0	0	0	0	1	0	0	0	0	0	0	0	0	0	0	0	0	0	0	0	0
NC_000017.10	41258550	41267738	-	NM_007294	INTRON	0	0	0	0	0	0	6	0	0	0	0	0	0	0	0	0	0	0	0	0	0	0
NC_000017.10	41258549	41267742	-	NM_007294	INTRON	0	0	0	0	0	0	0	0	0	0	0	0	0	0	5	2	0	0	0	8	0	0
NC_000013.10	32937670	32944538	-	NM_000059	INTRON	0	1	0	4	0	0	0	0	0	3	0	0	2	0	0	0	0	2	2	0	0	1
NC_000017.10	41271282	41276033	-	NM_007294	INTRON	9	0	0	24	3	0	0	0	0	7	3	5	0	1	0	4	1	7	0	7	8	0
NC_000017.10	41262597	41267742	+	NM_007294	INTRON	47	0	44	32	39	52	25	45	31	48	29	36	56	125	77	46	34	109	54	132	38	7
NC_000017.10	41267796	41268453	+	NM_007294	INTRON	0	0	0	0	0	0	0	0	0	0	5	0	0	0	0	0	0	0	0	0	0	0
NC_000017.10	41256972	41258472	-	NM_007294	INTRON	0	0	0	7	0	0	12	0	0	0	0	0	0	0	0	2	0	0	0	0	0	0
NC_000013.10	32954050	32954143	-	NM_000059	INTRON	0	0	0	0	0	0	21	0	0	0	0	0	0	0	0	0	0	0	0	0	0	0
NC_000017.10	41267796	41268453	-	NM_007294	INTRON	0	0	0	0	0	0	0	0	0	0	7	0	0	0	0	0	0	0	0	0	0	0
NC_000017.10	41201012	41256183	+	NM_007294	INTRON	0	0	0	0	0	0	2	0	0	0	0	0	0	0	0	0	0	0	0	0	0	0
NC_000017.10	41256973	41262481	-	NM_007294	INTRON	0	0	2	0	0	0	0	5	0	0	9	0	0	0	24	1	0	0	11	0	28	13
NC_000017.10	41258529	41382361	+	NM_007294	INTRON	0	0	0	0	1	0	0	0	0	0	0	0	0	0	0	0	0	0	0	0	0	0
NC_000017.10	41262597	41267742	-	NM_007294	INTRON	53	0	47	45	56	70	36	53	28	56	57	40	20	101	91	88	55	103	50	124	33	11
