chr	start	end	strand	NM	intron	060090425t_BRCA2c9501_TGTGACCA-TGCTAAGT_L001_R.txt	060090425u_BRCA2c9501_TGTGACCA-TGAACCTT_L001_R.txt	071110075t_BRCA2c9501neg_AGGAGTGG-TGAACCTT_L001_R.txt	071110075u_BRCA2c9501neg_AGGGTCAA-TGAACCTT_L001_R.txt	071110082t_BRCA2c9501neg_AGGAGTGG-TGCTAAGT_L001_R.txt	071110082u_BRCA2c9501neg_AGGGTCAA-TGCTAAGT_L001_R.txt	071110085t_BRCA2c9501neg_AGGAGTGG-TGTTCTCT_L001_R.txt	071110085u_BRCA2c9501neg_AGGGTCAA-TGTTCTCT_L001_R.txt	071110097t_BRCA2c9501neg_AGGAGTGG-TAAGACAC_L001_R.txt	071110097u_BRCA2c9501neg_AGGGTCAA-TAAGACAC_L001_R.txt	071110134t_BRCA2c9501neg_AGGAGTGG-CTAATCGA_L001_R.txt	071110134u_BRCA2c9501neg_AGGGTCAA-CTAATCGA_L001_R.txt	081110021t_BRCA2c9501neg_AGGAGTGG-CTAGAACA_L001_R.txt	081110021u_BRCA2c9501neg_AGGGTCAA-CTAGAACA_L001_R.txt	081110059t_BRCA2c9501neg_AGGAGTGG-TAAGTTCC_L001_R.txt	081110059u_BRCA2c9501neg_AGGGTCAA-TAAGTTCC_L001_R.txt	081110064t_BRCA2c9501neg_AGGAGTGG-TAGACCTA_L001_R.txt	081110064u_BRCA2c9501neg_AGGGTCAA-TAGACCTA_L001_R.txt	081110065t_BRCA2c9501neg_TGTGACCA-TAAGTTCC_L001_R.txt	081110065u_BRCA2c9501neg_TGTGACCA-CTAATCGA_L001_R.txt	081110066t_BRCA2c9501neg_TGTGACCA-TAGACCTA_L001_R.txt	081110066u_BRCA2c9501neg_TGTGACCA-CTAGAACA_L001_R.txt
NC_000013.10	32953931	32968994	+	NM_000059	INTRON	0	0	0	0	0	0	0	0	0	0	0	0	30	0	0	0	0	0	0	0	0	0
NC_000013.10	32953595	32968908	+	NM_000059	INTRON	0	0	0	0	0	0	0	0	0	0	0	0	0	2	0	0	0	0	0	0	0	0
NC_000013.10	32953985	32954143	+	NM_000059	INTRON	0	0	0	0	0	0	1	0	0	0	0	0	0	0	0	0	0	0	0	0	0	0
NC_000013.10	32953652	32954143	-	NM_000059	INTRON	0	0	7	0	0	0	0	0	0	0	0	0	2	0	21	11	6	0	1	0	0	0
NC_000013.10	32971059	32971164	+	NM_000059	INTRON	0	0	0	0	0	0	0	0	0	0	1	0	0	0	0	0	0	0	0	0	0	0
NC_000013.10	32954050	32954143	+	NM_000059	INTRON	6789	7538	5631	10	6652	5782	7491	7204	7175	8001	6864	5199	7544	6382	6963	8176	6674	7429	7659	8840	7297	7829
NC_000013.10	32912234	32971041	-	NM_000059	INTRON	0	0	0	0	0	0	0	0	0	0	0	0	0	0	1	0	0	0	0	0	0	0
NC_000013.10	32968973	33240851	+	NM_000059	INTRON	0	0	0	0	0	0	0	0	0	0	0	0	0	1	0	0	0	0	0	0	0	0
NC_000013.10	32971044	33099989	+	NM_000059	INTRON	0	0	0	0	0	0	0	0	1	0	0	0	0	0	0	0	0	0	0	0	0	0
NC_000013.10	32953595	32968908	-	NM_000059	INTRON	0	0	0	0	0	0	0	0	0	0	0	0	0	1	0	0	0	0	0	0	0	0
NC_000013.10	32954038	32968906	+	NM_000059	INTRON	2	0	0	0	0	0	0	0	0	0	0	0	0	0	0	0	0	0	0	0	0	0
NC_000013.10	32930803	32954167	+	NM_000059	INTRON	0	0	0	0	0	0	0	0	0	0	0	1	0	0	0	0	0	0	0	0	0	0
NC_000013.10	32971150	32972339	-	NM_000059	INTRON	0	0	0	0	0	0	0	0	0	1	0	0	0	0	0	0	0	0	0	0	0	0
NC_000013.10	32972315	33213331	-	NM_000059	INTRON	0	0	0	0	0	0	0	0	1	0	0	0	0	0	0	0	0	0	0	0	0	0
NC_000013.10	32958168	32971034	-	NM_000059	INTRON	35	13	0	0	0	0	0	0	0	0	0	0	0	0	0	0	0	0	0	0	0	0
NC_000013.10	32954005	32954210	+	NM_000059	INTRON	0	0	0	0	0	0	0	2	0	0	0	0	0	0	0	0	0	0	0	0	0	0
NC_000013.10	32968964	32968993	-	NM_000059	INTRON	0	0	0	0	0	0	0	0	0	0	0	0	0	0	4	0	0	0	0	0	0	0
NC_000013.10	32968851	33154565	-	NM_000059	INTRON	0	0	0	0	0	0	0	0	0	0	0	0	0	0	0	0	0	0	0	1	0	0
NC_000013.10	32886663	32953940	-	NM_000059	INTRON	0	0	0	0	0	0	0	0	0	0	0	0	0	0	0	1	0	0	0	0	0	0
NC_000013.10	32954150	32968918	+	NM_000059	INTRON	0	0	0	0	0	0	1	0	0	0	0	0	0	0	0	0	0	0	0	0	0	0
NC_000013.10	32954233	32971036	-	NM_000059	INTRON	0	0	0	0	0	0	0	0	0	0	0	0	0	0	0	0	0	0	6	0	0	0
NC_000013.10	32953721	32969057	+	NM_000059	INTRON	0	0	0	0	0	0	1	0	0	0	0	0	0	0	0	0	0	0	0	0	0	0
NC_000013.10	32953953	32969051	+	NM_000059	INTRON	0	0	0	0	0	0	0	0	0	0	0	0	3	0	0	0	0	0	0	0	0	0
NC_000013.10	32954049	32954143	+	NM_000059	INTRON	0	0	0	0	0	0	0	0	0	0	0	0	0	0	0	0	0	0	0	40	0	0
NC_000013.10	32905035	32931932	-	NM_000059	INTRON	0	0	0	0	0	0	0	0	0	0	0	0	0	0	0	0	0	0	0	1	0	0
NC_000013.10	32953621	32953940	-	NM_000059	INTRON	0	0	0	0	0	0	0	0	0	0	0	0	3	0	14	0	0	0	0	0	0	0
NC_000013.10	32954045	32968921	-	NM_000059	INTRON	0	0	0	0	0	0	0	0	0	0	0	0	0	3	0	0	0	0	0	0	0	0
NC_000013.10	32969070	32972298	-	NM_000059	INTRON	0	0	0	0	1	0	2	0	0	0	0	0	0	9	2	0	0	0	4	0	0	0
NC_000013.10	32953948	32969000	+	NM_000059	INTRON	0	0	0	0	0	0	0	0	0	0	0	0	2	0	0	0	0	0	0	0	0	0
NC_000013.10	32970253	32971034	+	NM_000059	INTRON	6	0	59	0	75	46	106	93	21	66	63	44	28	54	93	68	101	22	63	164	84	154
NC_000013.10	32968979	33078957	+	NM_000059	INTRON	0	0	0	0	0	0	0	0	0	0	0	0	1	0	0	0	0	0	0	0	0	0
NC_000013.10	32968916	33282842	-	NM_000059	INTRON	0	0	0	0	0	0	0	0	0	0	0	0	0	0	0	0	0	0	0	1	0	0
NC_000013.10	32953955	32972301	-	NM_000059	INTRON	0	0	0	0	0	0	0	0	0	0	0	0	0	0	0	11	0	0	0	0	0	0
NC_000013.10	32954155	32968920	-	NM_000059	INTRON	0	0	0	0	0	0	0	0	0	0	0	0	0	47	0	0	0	0	0	0	0	0
NC_000013.10	32972322	33241313	-	NM_000059	INTRON	0	0	0	0	0	0	0	0	0	0	0	0	0	0	0	0	0	0	0	0	0	1
NC_000013.10	32969065	32972312	-	NM_000059	INTRON	0	0	0	0	0	0	0	0	0	0	1	0	0	0	0	0	0	0	0	0	0	0
NC_000013.10	32953971	33105621	+	NM_000059	INTRON	0	0	0	0	0	0	0	0	0	0	0	0	0	1	0	0	0	0	0	0	0	0
NC_000013.10	32967271	32968825	-	NM_000059	INTRON	0	0	0	0	0	0	0	0	0	0	0	0	0	0	3	0	0	0	0	0	0	0
NC_000013.10	32971054	32972337	-	NM_000059	INTRON	0	0	0	0	0	0	0	0	0	0	0	0	0	0	3	0	0	0	0	0	0	0
NC_000013.10	32953584	32968905	+	NM_000059	INTRON	0	0	0	0	0	0	0	0	0	0	0	0	0	0	8	0	0	0	0	0	0	0
NC_000013.10	32954207	32954249	+	NM_000059	INTRON	0	0	0	0	0	0	0	0	0	0	0	0	4	0	0	0	0	0	0	0	0	0
NC_000013.10	32957266	32968825	+	NM_000059	INTRON	0	0	97	0	12	3	0	0	0	14	16	6	15	0	27	1	164	121	287	185	26	0
NC_000013.10	32953920	32954202	-	NM_000059	INTRON	0	0	0	0	0	0	7	0	0	0	0	0	0	0	0	0	0	0	0	0	0	0
NC_000013.10	32954155	32968920	+	NM_000059	INTRON	0	0	0	0	0	0	0	0	0	0	0	0	0	55	0	0	0	0	0	0	0	0
NC_000013.10	32954282	32971034	+	NM_000059	INTRON	1743	2088	1	0	0	1	0	0	0	0	0	0	0	0	0	0	0	0	0	0	10	0
NC_000013.10	32953651	32953893	-	NM_000059	INTRON	0	0	0	0	2	0	0	0	0	0	0	0	0	0	0	0	0	0	0	0	0	0
NC_000013.10	32953950	32970788	-	NM_000059	INTRON	0	0	0	0	0	0	0	0	0	0	0	0	0	0	0	0	0	1	0	0	0	0
NC_000013.10	32954275	32957169	-	NM_000059	INTRON	0	0	0	0	0	0	0	0	0	0	0	0	0	0	0	0	1	0	6	0	0	0
NC_000013.10	32954163	32959139	-	NM_000059	INTRON	0	0	0	0	0	0	0	0	0	0	0	0	1	0	0	0	0	0	0	0	0	0
NC_000013.10	32969070	32971059	-	NM_000059	INTRON	0	0	0	0	0	0	0	0	0	0	0	0	0	0	0	0	0	0	0	4	0	0
NC_000013.10	32932066	32944538	-	NM_000059	INTRON	0	0	0	0	0	0	2	0	0	0	0	0	0	0	0	0	2	0	0	2	0	0
NC_000013.10	32953652	32953886	-	NM_000059	INTRON	3891	4310	2995	4	3778	3508	3917	3951	3907	4737	3898	2897	4219	3746	3874	4689	3722	4122	4398	4999	4260	4537
NC_000013.10	32954231	32969022	+	NM_000059	INTRON	0	0	0	0	0	0	0	0	0	0	0	0	0	0	0	0	0	0	0	1	0	0
NC_000013.10	32972315	33601321	-	NM_000059	INTRON	0	0	0	0	1	0	0	0	0	0	0	0	0	0	0	0	0	0	0	0	0	0
NC_000013.10	32968893	32968954	-	NM_000059	INTRON	0	0	0	0	0	0	0	0	0	0	0	0	0	4	0	0	0	0	0	0	0	0
NC_000013.10	32969040	33121344	-	NM_000059	INTRON	0	0	0	0	0	0	1	0	0	0	0	0	0	0	0	0	0	0	0	0	0	0
NC_000013.10	32953617	32969060	-	NM_000059	INTRON	0	0	0	0	0	0	0	0	0	0	0	0	10	0	0	0	0	0	0	0	0	0
NC_000013.10	32953588	32968823	+	NM_000059	INTRON	0	0	0	0	0	0	0	0	0	0	0	0	0	0	0	0	0	0	0	0	0	3
NC_000013.10	32972363	33269310	-	NM_000059	INTRON	0	0	0	0	0	0	0	0	0	0	0	1	0	0	0	0	0	0	0	0	0	0
NC_000013.10	32969070	32970127	-	NM_000059	INTRON	19	1	87	0	61	45	155	102	40	81	87	64	22	55	81	90	81	46	58	133	85	136
NC_000013.10	32954261	33140816	+	NM_000059	INTRON	0	0	0	0	1	0	0	0	0	0	0	0	0	0	0	0	0	0	0	1	0	0
NC_000013.10	32971155	33137393	+	NM_000059	INTRON	0	0	0	0	0	0	0	0	0	0	0	0	0	0	0	0	1	0	0	0	0	0
NC_000013.10	32954282	32968825	+	NM_000059	INTRON	4562	4905	5361	9	6232	5668	7454	7001	6936	7762	6839	5074	7456	6172	6571	8105	6509	7092	7297	8377	7008	7447
NC_000013.10	32969070	32971013	-	NM_000059	INTRON	0	0	0	0	0	0	0	0	0	16	5	0	0	0	0	0	1	0	0	0	32	6
NC_000013.10	32936830	32937315	+	NM_000059	INTRON	6	0	2	3	7	4	2	0	5	6	3	2	7	3	5	6	5	1	6	3	0	3
NC_000013.10	32971117	32972324	+	NM_000059	INTRON	0	0	0	0	0	0	0	0	0	0	0	0	2	0	0	0	0	0	0	0	0	0
NC_000013.10	32954281	32968825	-	NM_000059	INTRON	0	0	0	0	0	0	0	0	0	3	0	0	0	0	0	0	0	0	0	0	0	0
NC_000013.10	32954001	32968883	+	NM_000059	INTRON	0	0	0	0	0	0	0	0	0	0	0	0	0	0	0	0	0	0	0	2	0	0
NC_000013.10	32953953	32971150	+	NM_000059	INTRON	0	0	0	0	0	0	0	0	0	0	0	0	0	8	0	0	0	0	0	0	0	0
NC_000013.10	32953953	32969051	-	NM_000059	INTRON	0	0	0	0	0	0	0	0	0	0	0	0	3	0	0	0	0	0	0	0	0	0
NC_000013.10	32958168	32968825	-	NM_000059	INTRON	24	0	5	0	114	7	116	37	98	110	103	0	105	89	70	32	46	56	33	34	73	67
NC_000013.10	32953652	32954143	+	NM_000059	INTRON	0	0	5	0	0	0	0	0	0	0	0	0	2	0	10	15	7	0	6	0	0	0
NC_000013.10	32954203	32969006	+	NM_000059	INTRON	0	0	0	0	0	0	0	0	0	0	0	0	0	0	0	1	0	0	0	0	0	0
NC_000013.10	32969070	32971013	+	NM_000059	INTRON	0	0	0	0	0	0	0	0	0	16	2	0	0	0	0	0	1	0	0	0	36	5
NC_000013.10	32905035	32954201	+	NM_000059	INTRON	0	0	0	0	1	0	0	0	0	0	0	0	0	0	0	0	0	0	0	0	0	0
NC_000013.10	32954266	32968825	-	NM_000059	INTRON	0	0	0	0	0	0	0	0	0	0	4	0	0	0	0	0	0	0	0	0	0	0
NC_000013.10	32953618	32968905	-	NM_000059	INTRON	0	0	0	0	16	0	0	0	0	0	0	0	19	0	0	0	0	0	0	0	0	0
NC_000013.10	32968916	33282842	+	NM_000059	INTRON	0	0	0	0	0	0	0	0	0	0	0	0	0	0	0	0	1	0	1	0	0	0
NC_000013.10	32954282	33179863	+	NM_000059	INTRON	1	0	0	0	0	0	0	0	0	0	0	0	0	0	0	0	0	0	0	0	0	0
NC_000013.10	32971077	32972321	-	NM_000059	INTRON	0	0	0	0	0	0	0	0	0	0	0	0	4	0	0	0	0	0	0	0	0	0
NC_000013.10	32968980	32969043	+	NM_000059	INTRON	0	0	0	0	0	0	0	0	2	0	0	0	0	0	0	0	0	0	0	0	0	0
NC_000013.10	32968986	32969056	+	NM_000059	INTRON	0	0	0	0	0	0	0	0	0	0	0	0	2	0	0	0	0	0	0	0	0	0
NC_000013.10	32954007	33044739	+	NM_000059	INTRON	0	0	0	0	0	0	0	0	0	0	0	1	0	0	0	0	1	0	0	0	0	0
NC_000013.10	32954160	32972324	+	NM_000059	INTRON	0	0	0	0	8	0	0	0	0	0	0	0	0	0	0	0	0	0	0	0	0	0
NC_000013.10	32954007	33044739	-	NM_000059	INTRON	0	0	0	0	0	0	0	0	0	0	0	0	0	0	0	0	1	0	0	0	0	0
NC_000013.10	32954282	32958029	-	NM_000059	INTRON	39	7	0	0	68	9	122	34	69	95	106	0	128	74	60	28	34	64	29	39	64	47
NC_000013.10	32953980	32968965	-	NM_000059	INTRON	0	0	0	0	0	0	0	0	0	0	0	0	1	0	0	0	0	0	0	0	0	0
NC_000013.10	32936830	32937315	-	NM_000059	INTRON	2	2	2	0	3	2	3	1	0	1	3	4	1	2	5	0	7	0	2	2	4	1
NC_000013.10	32953931	32968994	-	NM_000059	INTRON	0	0	0	0	0	0	0	0	0	0	0	0	35	0	0	0	0	0	0	0	0	0
NC_000013.10	32895289	32953641	-	NM_000059	INTRON	0	0	0	0	0	0	0	0	0	0	0	0	0	1	0	0	0	0	0	0	0	0
NC_000013.10	32954045	32954168	-	NM_000059	INTRON	0	0	0	0	0	0	0	0	0	0	0	0	8	0	0	0	0	0	0	0	0	0
NC_000013.10	32953652	32954167	-	NM_000059	INTRON	0	0	0	0	7	0	0	0	0	0	0	0	0	0	0	0	2	0	2	0	0	0
NC_000013.10	32953932	32972299	+	NM_000059	INTRON	0	0	0	0	0	0	0	0	0	0	0	0	0	22	0	0	0	0	0	0	0	0
NC_000013.10	32954043	32962097	-	NM_000059	INTRON	0	0	0	0	0	0	0	0	1	0	0	0	0	0	0	0	0	0	0	0	0	0
NC_000013.10	32954282	32968852	+	NM_000059	INTRON	0	0	0	0	0	0	0	0	0	0	0	0	0	0	0	4	0	0	0	0	0	0
NC_000013.10	32970253	32971034	-	NM_000059	INTRON	14	0	98	0	36	49	122	84	31	72	69	71	26	58	76	72	106	38	60	118	61	127
NC_000013.10	32971069	33242872	+	NM_000059	INTRON	0	0	0	0	0	0	0	1	0	0	0	0	0	0	0	0	0	0	0	0	0	0
NC_000013.10	32957619	32968938	+	NM_000059	INTRON	0	0	0	0	0	0	0	0	0	0	0	0	0	0	0	0	0	0	0	1	0	0
NC_000013.10	32971181	32972274	+	NM_000059	INTRON	0	0	0	0	3	6	2	0	0	9	0	0	2	0	0	10	4	0	6	0	0	0
NC_000013.10	32902716	32954276	+	NM_000059	INTRON	0	0	0	0	0	0	0	0	0	0	1	0	0	0	0	0	0	0	0	0	0	0
NC_000013.10	32953920	32954202	+	NM_000059	INTRON	0	0	0	0	0	0	5	0	0	0	0	0	0	0	0	0	0	0	0	0	0	0
NC_000013.10	32953981	32971044	+	NM_000059	INTRON	0	2	0	0	0	0	0	0	0	0	0	0	0	0	0	0	0	0	0	0	0	0
NC_000013.10	32969069	32971034	+	NM_000059	INTRON	0	0	0	0	0	0	0	0	0	4	0	6	0	0	0	0	0	0	0	0	10	0
NC_000013.10	32969070	32970155	-	NM_000059	INTRON	0	2	15	0	0	0	0	0	0	0	0	0	0	0	1	0	25	0	0	0	0	0
NC_000013.10	32969069	32971034	-	NM_000059	INTRON	0	0	0	0	0	0	0	0	0	0	0	5	0	0	0	1	0	0	0	0	7	0
NC_000013.10	32969050	33235227	-	NM_000059	INTRON	0	0	0	0	0	0	0	0	0	0	0	0	0	0	0	1	0	0	0	0	0	0
NC_000013.10	32929029	32953957	-	NM_000059	INTRON	0	0	0	0	0	0	0	0	0	0	0	0	0	0	0	1	1	0	0	0	0	0
NC_000017.10	41247939	41249260	+	NM_007294	INTRON	0	0	0	0	0	0	0	0	0	0	0	0	0	0	0	0	2	0	0	0	0	0
NC_000013.10	32954045	32968921	+	NM_000059	INTRON	0	0	0	0	0	0	0	0	0	0	0	0	0	2	0	0	0	0	0	0	0	0
NC_000013.10	32953652	32953887	+	NM_000059	INTRON	0	0	0	0	0	0	0	0	0	0	0	0	0	1	0	1	0	0	0	2	1	0
NC_000013.10	32953926	32968998	+	NM_000059	INTRON	0	0	0	0	0	0	0	0	0	0	0	0	0	0	0	0	4	0	0	0	0	0
NC_000013.10	32954282	32958029	+	NM_000059	INTRON	58	16	0	2	60	1	79	25	70	80	128	0	142	58	67	21	31	50	25	44	74	59
NC_000013.10	32953580	32968825	-	NM_000059	INTRON	0	0	0	0	0	0	0	0	0	0	0	0	3	0	0	0	0	0	0	0	0	0
NC_000013.10	32971054	32972337	+	NM_000059	INTRON	0	0	0	0	0	0	0	0	0	0	0	0	0	0	4	0	0	0	0	0	0	0
NC_000013.10	32971080	33072395	-	NM_000059	INTRON	0	0	0	0	0	0	0	0	0	1	0	0	0	0	0	0	0	0	0	0	0	0
NC_000013.10	32954195	33172368	+	NM_000059	INTRON	0	0	0	0	0	0	0	0	0	0	0	0	0	0	0	0	1	0	0	0	0	0
NC_000013.10	32953652	32953887	-	NM_000059	INTRON	0	0	2	0	0	0	0	0	0	0	0	0	0	0	0	1	0	0	0	0	0	0
NC_000013.10	32954278	32958026	+	NM_000059	INTRON	0	0	0	0	0	0	2	0	0	0	0	0	0	0	0	0	0	0	0	0	0	0
NC_000013.10	32954282	32967164	+	NM_000059	INTRON	0	0	0	0	0	0	0	0	0	0	0	0	0	0	4	0	0	0	0	0	0	0
NC_000013.10	32953652	32953940	+	NM_000059	INTRON	11	15	0	0	0	0	11	0	2	24	0	0	0	9	13	0	9	15	7	10	0	0
NC_000013.10	32969045	32982634	+	NM_000059	INTRON	0	1	0	0	0	0	0	0	0	0	0	0	0	0	0	0	0	0	0	0	0	0
NC_000013.10	32971181	32972333	+	NM_000059	INTRON	0	0	0	0	0	0	0	0	0	0	0	0	0	0	0	0	2	0	0	0	0	0
NC_000013.10	32953621	32953940	+	NM_000059	INTRON	0	0	0	0	0	0	0	0	0	0	0	0	1	0	20	0	0	0	0	0	0	0
NC_000013.10	32953618	32968905	+	NM_000059	INTRON	0	0	0	0	13	0	0	0	0	0	0	0	9	0	0	0	0	0	0	0	0	0
NC_000013.10	32953948	32971162	-	NM_000059	INTRON	0	0	0	0	0	0	0	0	0	0	0	0	0	0	0	0	4	0	0	0	0	0
NC_000013.10	32968994	32971071	-	NM_000059	INTRON	0	0	0	0	0	0	0	0	0	0	0	0	0	0	4	0	0	0	0	0	0	0
NC_000013.10	32953584	32968905	-	NM_000059	INTRON	0	0	0	0	0	0	0	0	0	0	0	0	0	0	11	0	0	0	0	0	0	0
NC_000013.10	32971053	33136775	-	NM_000059	INTRON	0	0	0	0	0	0	0	0	0	0	0	0	0	0	0	0	1	0	0	0	0	0
NC_000013.10	32954275	32957169	+	NM_000059	INTRON	0	0	0	0	0	0	0	0	0	0	0	0	0	0	0	0	3	0	9	0	0	0
NC_000013.10	32971181	32972274	-	NM_000059	INTRON	0	0	0	0	8	0	2	0	0	2	0	0	6	0	0	13	6	0	0	0	0	0
NC_000013.10	32953616	32953895	+	NM_000059	INTRON	0	0	0	0	0	0	0	1	0	0	0	0	0	0	0	0	0	0	0	0	0	0
NC_000013.10	32888931	32953618	+	NM_000059	INTRON	0	0	0	0	0	0	0	0	0	0	0	0	0	0	0	0	0	0	1	0	0	0
NC_000013.10	32953948	32971162	+	NM_000059	INTRON	0	0	0	0	0	0	0	0	0	0	0	0	0	0	0	0	5	0	0	0	0	0
NC_000013.10	32953588	32968823	-	NM_000059	INTRON	0	0	0	0	0	0	0	0	0	0	0	0	0	0	0	0	0	0	0	0	0	4
NC_000013.10	32954150	32971079	+	NM_000059	INTRON	0	0	0	0	0	0	0	0	0	0	0	0	17	0	0	0	0	0	0	0	0	0
NC_000013.10	32953611	32953937	+	NM_000059	INTRON	0	0	0	0	0	0	0	0	0	0	0	0	0	0	0	0	3	0	0	0	0	0
NC_000013.10	32954282	32957175	+	NM_000059	INTRON	0	0	115	0	13	0	0	0	14	11	21	4	12	0	21	1	177	119	321	159	31	0
NC_000013.10	32953652	32953886	+	NM_000059	INTRON	4098	4572	3146	10	4043	3590	4236	4171	4105	4735	3937	3346	4250	4271	4087	5019	4052	4480	4642	5228	4397	4724
NC_000013.10	32971181	32972298	-	NM_000059	INTRON	3611	3802	2846	9	3640	2944	3932	3512	3706	4160	3620	2746	4314	3556	3669	4234	3608	3793	4229	4644	3940	4260
NC_000013.10	32969008	33068033	+	NM_000059	INTRON	0	0	0	0	0	0	0	0	0	0	0	1	0	0	0	0	0	0	0	0	0	0
NC_000017.10	41249306	41251791	+	NM_007294	INTRON	0	0	0	0	0	0	0	0	0	0	0	0	0	0	0	0	2	0	0	0	0	0
NC_000013.10	32953580	32953937	+	NM_000059	INTRON	0	0	0	0	0	0	0	0	0	0	0	0	0	0	0	0	3	0	0	0	0	0
NC_000013.10	32920194	32954261	+	NM_000059	INTRON	0	0	0	0	0	0	0	0	0	0	0	0	1	0	0	0	0	0	0	0	0	0
NC_000013.10	32953926	32968998	-	NM_000059	INTRON	0	0	0	0	0	0	0	0	0	0	0	0	0	0	0	0	9	0	0	0	0	0
NC_000013.10	32967271	32968825	+	NM_000059	INTRON	0	0	0	0	0	0	0	0	0	0	0	0	0	0	3	0	0	0	0	0	0	0
NC_000013.10	32953652	32953940	-	NM_000059	INTRON	8	15	0	0	0	0	9	0	2	21	0	0	0	4	15	0	11	19	10	13	0	0
NC_000013.10	32954159	32972322	-	NM_000059	INTRON	0	0	0	0	0	0	0	0	0	0	0	0	4	0	0	0	0	0	0	0	0	0
NC_000013.10	32954049	32954143	-	NM_000059	INTRON	0	0	0	0	0	0	5	0	0	0	0	0	8	0	0	0	0	0	0	21	0	0
NC_000013.10	32969070	33292136	-	NM_000059	INTRON	0	0	0	0	0	0	0	0	1	0	0	0	0	0	0	0	0	0	0	1	0	0
NC_000013.10	32954025	33094951	+	NM_000059	INTRON	0	1	0	0	0	0	0	0	0	0	0	0	0	0	0	0	0	0	0	0	0	0
NC_000013.10	32954282	32957175	-	NM_000059	INTRON	0	0	91	0	12	1	0	0	14	21	15	10	6	0	14	1	170	108	311	158	36	0
NC_000013.10	32954282	32972298	+	NM_000059	INTRON	0	9	0	0	0	0	0	0	0	0	0	0	0	17	0	0	0	0	0	0	0	0
NC_000013.10	32954160	32972324	-	NM_000059	INTRON	0	0	0	0	11	0	0	0	0	0	0	0	0	0	0	0	0	0	0	0	0	0
NC_000013.10	32954266	32968825	+	NM_000059	INTRON	0	0	0	0	0	0	0	0	0	0	3	0	0	0	0	0	0	0	0	0	0	0
NC_000013.10	32953652	32953937	+	NM_000059	INTRON	59	12	134	0	86	25	201	123	181	122	144	12	226	52	79	89	89	67	102	84	150	63
NC_000013.10	32953621	32968825	+	NM_000059	INTRON	0	0	0	0	0	0	0	0	10	0	0	0	0	0	0	0	0	0	0	0	0	0
NC_000013.10	32968864	32968993	-	NM_000059	INTRON	0	0	0	0	0	0	0	0	0	0	10	0	0	0	0	0	0	0	0	0	0	0
NC_000013.10	32972348	33222189	+	NM_000059	INTRON	0	0	0	0	0	0	0	0	0	0	0	0	0	0	0	0	0	0	0	0	0	1
NC_000013.10	32969070	32970155	+	NM_000059	INTRON	0	0	4	0	0	0	0	0	0	0	0	0	0	0	0	0	7	0	0	0	0	0
NC_000013.10	32953980	32968965	+	NM_000059	INTRON	0	0	0	0	0	0	0	0	0	0	0	0	4	0	0	0	0	0	0	0	0	0
NC_000013.10	32954282	32968852	-	NM_000059	INTRON	0	0	0	0	0	0	0	0	0	0	0	0	0	0	0	2	0	0	0	0	0	0
NC_000013.10	32971181	32972298	+	NM_000059	INTRON	3256	4030	3014	6	3584	2848	4031	3638	3893	4007	3677	2410	4360	3400	3735	4185	3633	4121	4148	4766	3959	4495
NC_000013.10	32970186	32971049	-	NM_000059	INTRON	0	0	0	0	0	0	0	0	0	0	0	0	0	0	1	0	0	0	0	0	0	0
NC_000013.10	32954050	32954150	-	NM_000059	INTRON	0	0	0	0	0	0	0	0	0	0	0	0	0	0	0	0	2	0	0	0	17	0
NC_000013.10	32953931	32971117	+	NM_000059	INTRON	0	0	0	0	0	0	0	0	0	0	0	0	0	0	0	0	0	0	16	0	0	0
NC_000013.10	32953621	32953937	+	NM_000059	INTRON	8	0	2	0	0	0	3	7	0	0	4	0	5	0	11	8	2	0	18	3	0	2
NC_000013.10	32954281	32968825	+	NM_000059	INTRON	0	0	0	0	0	0	0	0	0	4	0	0	0	0	0	0	0	0	0	0	0	0
NC_000013.10	32954282	32968825	-	NM_000059	INTRON	4383	4754	5049	6	6164	5348	7078	6495	6894	7523	6390	4933	7059	6024	6194	7710	5784	6788	7095	8073	6785	7361
NC_000013.10	32953621	32953937	-	NM_000059	INTRON	2	0	6	0	0	0	10	10	0	0	5	0	3	0	9	0	3	0	19	0	0	6
NC_000013.10	32972351	32997491	-	NM_000059	INTRON	0	0	0	0	0	0	1	0	0	0	0	0	0	0	0	0	0	0	0	0	0	0
NC_000013.10	32953931	32971117	-	NM_000059	INTRON	0	0	0	0	0	0	0	0	0	0	0	0	0	0	0	0	0	0	14	0	0	0
NC_000013.10	32945906	32968882	+	NM_000059	INTRON	0	0	0	0	1	0	0	0	0	0	0	0	0	0	0	0	0	0	0	0	0	0
NC_000013.10	32954050	32954167	+	NM_000059	INTRON	14	11	21	0	0	0	5	0	0	0	0	0	17	4	3	0	0	5	0	0	0	2
NC_000013.10	32953955	32972301	+	NM_000059	INTRON	0	0	0	0	0	0	0	0	0	0	0	0	0	0	0	13	0	0	0	0	0	0
NC_000013.10	32969070	32972298	+	NM_000059	INTRON	0	0	0	0	0	0	1	0	0	0	0	0	0	1	6	0	0	0	4	0	0	0
NC_000013.10	32958168	32968825	+	NM_000059	INTRON	27	0	3	0	85	4	90	37	99	109	117	0	139	103	56	18	56	49	38	39	80	77
NC_000013.10	32953580	32953937	-	NM_000059	INTRON	0	0	0	0	0	0	0	0	0	0	0	0	0	0	0	0	5	0	0	0	0	0
NC_000013.10	32958168	32971034	+	NM_000059	INTRON	17	18	0	0	0	0	0	0	0	0	0	0	0	0	0	0	0	0	0	0	0	0
NC_000013.10	32954272	32969049	-	NM_000059	INTRON	0	1	0	0	0	0	0	0	0	0	0	0	0	0	0	0	0	0	0	0	0	0
NC_000013.10	32968846	32971036	+	NM_000059	INTRON	0	0	0	0	0	0	0	0	6	0	0	0	0	0	0	0	0	0	0	0	0	0
NC_000013.10	32972341	33174627	-	NM_000059	INTRON	0	1	0	0	0	0	0	0	0	0	0	0	0	0	0	0	0	0	0	0	0	0
NC_000013.10	32971059	33264734	+	NM_000059	INTRON	0	0	0	0	0	0	0	0	0	0	0	1	0	0	0	0	0	0	0	0	0	0
NC_000013.10	32954050	32972298	+	NM_000059	INTRON	0	0	0	0	0	0	3	0	0	0	0	0	0	0	0	0	0	0	0	0	0	0
NC_000013.10	32953580	32968825	+	NM_000059	INTRON	0	0	0	0	0	0	0	0	0	0	0	0	1	0	0	0	0	0	0	0	0	0
NC_000013.10	32954150	32971079	-	NM_000059	INTRON	0	0	0	0	0	0	0	0	0	0	0	0	9	0	0	0	0	0	0	0	0	0
NC_000013.10	32953947	33123176	-	NM_000059	INTRON	0	0	0	0	0	0	0	0	0	0	1	0	0	0	0	0	0	0	0	0	0	0
NC_000013.10	32954050	32954167	-	NM_000059	INTRON	13	4	7	0	0	0	6	0	0	0	0	0	5	12	2	0	0	14	0	0	0	8
NC_000013.10	32957266	32968825	-	NM_000059	INTRON	0	0	84	0	13	1	0	0	0	21	13	17	8	0	17	0	166	107	274	167	23	0
NC_000013.10	32953935	32953958	-	NM_000059	INTRON	0	0	0	0	0	0	0	0	0	1	0	0	0	0	0	0	0	0	0	0	0	0
NC_000013.10	32953617	32969060	+	NM_000059	INTRON	0	0	0	0	0	0	0	0	0	0	0	0	10	0	0	0	0	0	0	0	0	0
NC_000013.10	32953590	32968979	+	NM_000059	INTRON	0	0	0	0	0	0	0	0	0	0	0	0	9	0	0	0	0	0	0	0	0	0
NC_000013.10	32954282	32972298	-	NM_000059	INTRON	0	2	0	0	0	0	0	0	0	0	0	0	0	13	0	0	0	0	0	0	0	0
NC_000013.10	32953985	33005848	-	NM_000059	INTRON	1	0	0	0	0	0	0	0	0	0	0	0	0	0	0	0	0	0	0	0	0	0
NC_000013.10	32953590	32968979	-	NM_000059	INTRON	0	0	0	0	0	0	0	0	0	0	0	0	7	0	0	0	0	0	0	0	0	0
NC_000013.10	32954282	32967164	-	NM_000059	INTRON	0	0	0	0	0	0	0	0	0	0	0	0	0	0	3	0	0	0	0	0	0	0
NC_000013.10	32932066	32944538	+	NM_000059	INTRON	0	0	0	0	0	0	0	0	0	0	0	0	0	0	0	0	0	2	0	0	0	0
NC_000013.10	32954045	32954168	+	NM_000059	INTRON	0	0	0	0	0	0	0	0	0	0	0	0	1	0	0	0	0	0	0	0	0	0
NC_000013.10	32954193	33204050	+	NM_000059	INTRON	0	0	0	0	0	0	0	0	0	0	0	0	0	0	0	0	0	0	0	0	1	0
NC_000013.10	32968964	32968993	+	NM_000059	INTRON	0	0	0	0	0	0	0	0	0	0	0	0	0	0	11	0	0	0	0	0	0	0
NC_000013.10	32968846	32971036	-	NM_000059	INTRON	0	0	0	0	0	0	0	0	4	0	0	0	0	0	0	0	0	0	0	0	0	0
NC_000013.10	32932066	32936659	-	NM_000059	INTRON	0	0	0	0	2	1	4	0	4	1	6	3	2	0	6	0	2	0	0	0	4	0
NC_000013.10	32969070	32971059	+	NM_000059	INTRON	0	0	0	0	0	0	0	0	0	0	0	0	0	0	0	0	0	0	0	3	0	0
NC_000013.10	32954173	32968862	-	NM_000059	INTRON	0	0	0	0	0	0	0	0	0	0	0	0	0	0	0	1	0	0	0	0	0	0
NC_000013.10	32954265	33133775	+	NM_000059	INTRON	0	0	0	0	0	0	0	0	0	0	0	0	0	0	0	0	0	0	0	0	0	1
NC_000013.10	32953954	32968993	+	NM_000059	INTRON	0	0	0	0	0	0	0	0	0	0	0	0	0	0	0	0	0	0	0	0	19	0
NC_000013.10	32969070	32971034	-	NM_000059	INTRON	4396	4621	4910	10	6187	5284	6856	6376	6419	7363	6425	4867	7340	6098	6234	7469	5887	6846	7353	8112	6922	7502
NC_000013.10	32953953	32971150	-	NM_000059	INTRON	0	0	0	0	0	0	0	0	0	0	0	0	0	5	0	0	0	0	0	0	0	0
NC_000013.10	32953652	32954167	+	NM_000059	INTRON	0	0	0	0	3	0	0	0	0	0	0	0	0	0	0	0	5	0	0	0	0	0
NC_000013.10	32937670	32944538	+	NM_000059	INTRON	2	2	0	0	2	0	0	0	2	1	5	0	0	0	2	0	0	0	1	0	1	0
NC_000013.10	32971142	32990385	+	NM_000059	INTRON	0	0	0	0	0	0	0	0	0	0	0	0	0	0	0	0	0	0	0	0	0	1
NC_000013.10	32954162	32968927	+	NM_000059	INTRON	0	0	0	0	0	0	0	0	0	0	0	0	0	1	0	0	0	0	0	0	0	0
NC_000013.10	32971151	32972321	+	NM_000059	INTRON	0	0	0	0	0	0	0	0	0	0	0	0	2	0	0	0	0	0	0	0	0	0
NC_000013.10	32954219	32971047	+	NM_000059	INTRON	0	0	0	0	0	0	0	0	0	0	0	0	1	0	0	0	0	0	0	0	0	0
NC_000013.10	32915324	32954192	+	NM_000059	INTRON	0	0	0	0	0	0	0	0	0	0	0	1	0	0	0	0	0	0	0	0	0	0
NC_000013.10	32953621	32968825	-	NM_000059	INTRON	0	0	0	0	0	0	0	0	13	0	0	0	0	0	0	0	0	0	0	0	0	0
NC_000013.10	32968994	32971071	+	NM_000059	INTRON	0	0	0	0	0	0	0	0	0	0	0	0	0	0	10	0	0	0	0	0	0	0
NC_000013.10	32953932	32972299	-	NM_000059	INTRON	0	0	0	0	0	0	0	0	0	0	0	0	0	16	0	0	0	0	0	0	0	0
NC_000013.10	32954050	32954150	+	NM_000059	INTRON	0	0	0	0	0	0	0	0	0	0	0	0	0	0	0	0	0	0	0	0	12	0
NC_000013.10	32953954	32968993	-	NM_000059	INTRON	0	0	0	0	0	0	0	0	0	0	0	0	0	0	0	0	0	0	0	0	3	0
NC_000013.10	32969070	32970127	+	NM_000059	INTRON	12	0	73	0	79	69	123	113	36	92	75	52	23	47	94	76	84	32	65	155	102	157
NC_000013.10	32953651	32953893	+	NM_000059	INTRON	0	0	0	0	3	0	0	0	0	0	0	0	0	0	0	0	0	0	0	0	0	0
NC_000013.10	32968969	33184666	-	NM_000059	INTRON	0	0	0	0	0	0	0	0	0	0	0	0	0	0	0	0	0	1	0	0	0	0
NC_000013.10	32954207	32954249	-	NM_000059	INTRON	0	0	0	0	0	0	0	0	0	0	0	0	7	0	0	0	0	0	0	0	0	0
NC_000013.10	32969070	32971034	+	NM_000059	INTRON	4205	4790	5085	9	6181	5289	6888	6466	6815	6889	6365	4675	7538	5939	6424	7478	6117	6916	7223	8201	6660	7529
NC_000013.10	32971052	33098732	-	NM_000059	INTRON	0	0	0	0	0	0	0	0	0	0	0	0	0	0	0	0	0	1	0	0	0	0
NC_000013.10	32969065	32972312	+	NM_000059	INTRON	0	0	0	0	0	0	0	0	0	0	1	0	0	0	0	0	0	0	0	0	0	0
NC_000013.10	32972317	33261391	+	NM_000059	INTRON	0	0	1	0	0	0	0	0	0	0	0	0	0	0	0	0	0	0	0	0	0	0
NC_000013.10	32954183	32977098	-	NM_000059	INTRON	0	0	0	0	0	0	0	0	0	0	0	0	0	0	0	1	0	0	0	0	0	0
NC_000013.10	32932066	32936659	+	NM_000059	INTRON	0	0	0	0	2	1	4	0	2	4	2	0	3	4	4	5	1	4	2	2	2	3
NC_000013.10	32937670	32944538	-	NM_000059	INTRON	0	0	0	0	2	0	0	0	5	0	0	0	3	4	2	0	0	0	0	0	0	0
NC_000013.10	32971089	33071561	-	NM_000059	INTRON	0	0	0	0	0	0	0	0	0	0	0	0	1	0	0	0	0	0	0	0	0	0
NC_000013.10	32953652	32953937	-	NM_000059	INTRON	63	13	100	0	94	36	235	111	143	103	121	25	179	50	39	102	81	59	83	105	120	58
NC_000013.10	32954050	32972298	-	NM_000059	INTRON	0	0	0	0	0	0	2	0	0	0	0	0	0	0	0	0	0	0	0	0	0	0
NC_000013.10	32954219	32971047	-	NM_000059	INTRON	0	0	0	0	0	0	0	0	0	0	0	0	1	0	0	0	0	0	0	0	0	0
NC_000013.10	32954282	32971034	-	NM_000059	INTRON	1589	2010	0	0	0	0	0	0	0	0	0	0	0	0	0	0	0	0	0	0	3	0
NC_000013.10	32954050	32954143	-	NM_000059	INTRON	6609	7222	5249	3	6331	5804	7213	6691	7050	7868	6637	5258	7237	6328	6583	7865	6158	7179	7565	8287	6976	7658
NC_000013.10	32929029	32953957	+	NM_000059	INTRON	0	0	0	0	0	0	1	0	0	0	0	0	0	0	0	0	0	0	0	0	0	0
NC_000013.10	32968889	33121093	+	NM_000059	INTRON	0	0	0	0	0	0	1	0	0	0	0	0	0	0	0	0	0	0	0	0	0	0
NC_000013.10	32968864	32968993	+	NM_000059	INTRON	0	0	0	0	0	0	0	0	0	0	7	0	0	0	0	0	0	0	0	0	0	0
