chr	start	end	strand	NM	intron	071110075t_BRCA2c8632neg_CAGATCCA-TGAACCTT_L001_R.txt	071110075u_BRCA2c8632neg_ACAGTGGT-TGAACCTT_L001_R.txt	071110082t_BRCA2c8632neg_CAGATCCA-TGCTAAGT_L001_R.txt	071110082u_BRCA2c8632neg_ACAGTGGT-TGCTAAGT_L001_R.txt	071110085t_BRCA2c8632neg_CAGATCCA-TGTTCTCT_L001_R.txt	071110085u_BRCA2c8632neg_ACAGTGGT-TGTTCTCT_L001_R.txt	071110097t_BRCA2c8632neg_CAGATCCA-TAAGACAC_L001_R.txt	071110097u_BRCA2c8632neg_ACAGTGGT-TAAGACAC_L001_R.txt	071110134t_BRCA2c8632neg_CAGATCCA-CTAATCGA_L001_R.txt	071110134u_BRCA2c8632neg_ACAGTGGT-CTAATCGA_L001_R.txt	081110021t_BRCA2c8632neg_CAGATCCA-CTAGAACA_L001_R.txt	081110021u_BRCA2c8632neg_ACAGTGGT-CTAGAACA_L001_R.txt	081110059t_BRCA2c8632neg_CAGATCCA-TAAGTTCC_L001_R.txt	081110059u_BRCA2c8632neg_ACAGTGGT-TAAGTTCC_L001_R.txt	081110064t_BRCA2c8632neg_CAGATCCA-TAGACCTA_L001_R.txt	081110064u_BRCA2c8632neg_ACAGTGGT-TAGACCTA_L001_R.txt	081110065t_BRCA2c8632neg_ATCACGAC-TAAGTTCC_L001_R.txt	081110065u_BRCA2c8632neg_ATCACGAC-CTAATCGA_L001_R.txt	081110066t_BRCA2c8632neg_ATCACGAC-TAGACCTA_L001_R.txt	081110066u_BRCA2c8632neg_ATCACGAC-CTAGAACA_L001_R.txt	990033193t_BRCA2c8632_ATCACGAC-TGCTAAGT_L001_R.txt	990033193u_BRCA2c8632_ATCACGAC-TGAACCTT_L001_R.txt
NC_000013.10	32945254	32950806	+	NM_000059	INTRON	0	0	0	0	0	0	0	0	0	0	0	0	0	0	0	0	0	0	0	0	36	9
NC_000013.10	32944693	32945069	-	NM_000059	INTRON	2	0	0	0	0	0	0	0	0	0	0	0	0	0	0	0	0	0	0	0	0	0
NC_000013.10	32939660	32950806	-	NM_000059	INTRON	0	0	0	0	0	0	0	0	0	0	0	0	0	0	0	0	0	0	0	0	0	26
NC_000013.10	32944694	32945092	+	NM_000059	INTRON	6221	14	7356	5542	7720	6651	6752	8445	9175	7035	8019	5616	9971	6008	6951	6907	6939	5488	6190	3467	2395	1862
NC_000013.10	32937670	32938053	-	NM_000059	INTRON	2	0	6	5	0	2	0	0	2	0	2	0	0	0	3	1	4	0	0	0	0	0
NC_000013.10	32945133	32950918	+	NM_000059	INTRON	0	0	0	0	0	0	0	0	0	0	0	12	0	0	0	0	0	0	0	0	0	0
NC_000013.10	32937670	32941812	+	NM_000059	INTRON	0	0	0	0	0	0	0	0	2	0	0	0	0	0	0	0	9	0	0	0	3	0
NC_000013.10	32937670	32949479	+	NM_000059	INTRON	0	0	0	0	0	0	0	2	0	0	0	0	1	0	0	0	0	0	0	0	53	18
NC_000013.10	32945237	32949479	+	NM_000059	INTRON	366	0	907	132	1737	200	946	167	1850	140	871	86	1074	136	406	135	867	90	557	55	105	0
NC_000013.10	32945237	32975589	+	NM_000059	INTRON	0	0	0	0	0	0	0	0	0	1	0	0	0	0	0	0	0	0	0	0	0	0
NC_000013.10	32949792	32950806	-	NM_000059	INTRON	0	0	0	0	0	0	0	1	0	0	0	0	9	0	7	10	0	0	0	0	0	0
NC_000013.10	32949535	33135458	+	NM_000059	INTRON	0	0	0	0	0	0	0	0	1	0	0	0	0	0	0	0	0	0	0	0	0	0
NC_000013.10	32937670	32949450	-	NM_000059	INTRON	0	0	0	0	0	0	0	0	0	0	0	0	0	0	0	0	0	0	0	0	20	36
NC_000013.10	32939660	32950806	+	NM_000059	INTRON	0	0	0	0	0	0	0	0	0	0	0	0	0	0	0	0	0	0	0	0	0	36
NC_000013.10	32950927	32953446	-	NM_000059	INTRON	0	0	0	0	0	0	0	0	0	0	0	0	0	3	0	0	0	0	0	0	0	0
NC_000017.10	41226538	41228504	+	NM_007294	INTRON	0	0	0	0	0	0	0	0	0	0	0	0	0	0	2	0	0	0	0	0	0	0
NC_000017.10	41256973	41267742	+	NM_007294	INTRON	0	0	0	0	0	0	0	0	0	0	1	0	0	0	0	0	0	0	1	0	0	0
NC_000013.10	32944694	33100233	+	NM_000059	INTRON	0	0	0	0	0	0	0	0	0	0	0	0	0	0	0	0	0	0	1	0	0	0
NC_000013.10	32950813	33034183	-	NM_000059	INTRON	0	0	0	0	0	1	0	2	0	0	0	0	0	0	0	0	0	0	2	0	0	0
NC_000013.10	32945235	32950806	-	NM_000059	INTRON	0	0	0	0	0	0	0	0	11	0	0	0	0	0	0	0	0	0	0	0	0	0
NC_000013.10	32945237	32950901	-	NM_000059	INTRON	0	0	0	0	0	0	0	0	0	0	0	0	0	2	0	0	0	0	0	0	0	0
NC_000013.10	32937670	32941812	-	NM_000059	INTRON	0	0	0	0	0	0	0	0	0	0	0	0	0	0	0	0	4	0	0	0	5	0
NC_000013.10	32943533	32944538	-	NM_000059	INTRON	0	0	0	0	0	1	0	0	5	2	0	0	0	0	0	0	6	0	0	0	0	0
NC_000013.10	32945237	32949301	+	NM_000059	INTRON	0	0	7	0	8	0	9	0	19	0	0	0	0	0	0	0	0	0	0	0	11	0
NC_000013.10	32945237	32947154	-	NM_000059	INTRON	0	0	0	0	0	6	0	0	0	0	0	0	0	0	0	0	0	0	0	0	0	0
NC_000017.10	41251894	41256138	-	NM_007294	INTRON	0	1	0	0	0	0	0	0	0	0	2	0	1	2	0	2	0	2	0	2	1	0
NC_000013.10	32944694	32950806	+	NM_000059	INTRON	2	0	0	0	65	11	25	8	21	0	5	0	21	8	4	14	41	15	182	0	1771	2192
NC_000013.10	32937670	32945092	+	NM_000059	INTRON	52	0	51	3	97	37	43	39	123	69	168	54	132	42	148	59	151	41	291	27	58	83
NC_000013.10	32944694	32949717	+	NM_000059	INTRON	0	0	0	0	0	0	0	0	0	0	0	0	0	0	0	0	0	0	0	0	5	4
NC_000013.10	32949526	32950806	-	NM_000059	INTRON	0	0	0	0	3	0	0	0	0	0	0	0	0	0	0	0	0	0	0	0	0	0
NC_000013.10	32950884	32960713	+	NM_000059	INTRON	0	0	0	0	0	0	0	1	0	0	0	0	0	0	0	0	0	0	0	0	0	0
NC_000013.10	32950928	32953453	-	NM_000059	INTRON	2115	5	2602	1797	2607	2324	2165	2929	3072	2353	2690	2057	3232	2234	2491	2528	2585	1922	2585	1260	2107	2100
NC_000013.10	32938232	32944538	+	NM_000059	INTRON	3	0	0	0	6	1	0	0	2	0	0	0	1	2	0	7	1	0	0	0	0	0
NC_000013.10	32944693	32945068	-	NM_000059	INTRON	0	0	3	0	0	0	0	0	0	0	0	0	13	0	0	0	3	0	0	0	0	0
NC_000017.10	41256278	41256884	-	NM_007294	INTRON	0	1	2	2	1	0	0	0	0	1	2	4	0	6	3	1	6	5	6	0	5	0
NC_000013.10	32945237	32950806	+	NM_000059	INTRON	5799	10	6481	5066	5903	6549	5439	7945	6832	6618	7021	5407	8591	5919	6822	6613	6403	5348	6286	3284	2314	2061
NC_000013.10	32945154	32950906	+	NM_000059	INTRON	0	0	0	0	0	0	0	0	0	0	0	0	0	0	0	0	0	0	0	0	1	0
NC_000017.10	41258550	41267742	-	NM_007294	INTRON	0	0	0	0	0	0	2	0	0	2	2	0	1	2	3	2	0	4	2	0	3	0
NC_000013.10	32945237	32946391	-	NM_000059	INTRON	0	0	0	0	0	5	14	0	5	0	0	0	5	4	0	0	17	17	0	0	0	0
NC_000013.10	32945237	32949717	-	NM_000059	INTRON	0	0	42	61	75	10	9	62	23	56	41	65	47	58	48	63	21	24	0	0	0	0
NC_000013.10	32937670	32945091	-	NM_000059	INTRON	0	0	0	0	0	0	1	0	0	0	0	0	0	0	0	0	0	0	0	0	0	0
NC_000017.10	41251897	41256138	-	NM_007294	INTRON	0	0	0	0	1	0	0	0	0	0	0	4	0	0	1	0	2	2	1	0	3	0
NC_000013.10	32944694	32953453	+	NM_000059	INTRON	0	0	0	0	0	0	0	0	0	0	0	0	0	0	0	0	0	0	0	0	2	0
NC_000017.10	41251897	41256138	+	NM_007294	INTRON	2	0	0	2	0	2	0	1	0	2	1	3	1	0	2	0	0	0	4	1	3	0
NC_000013.10	32944694	32949450	+	NM_000059	INTRON	0	0	0	0	0	0	0	0	0	0	0	0	0	0	0	0	0	0	0	0	7	0
NC_000013.10	32949792	32950806	+	NM_000059	INTRON	0	0	0	0	0	0	0	2	0	0	0	0	14	0	8	7	0	0	0	0	0	0
NC_000013.10	32942756	32944538	+	NM_000059	INTRON	0	0	0	0	0	0	0	0	0	0	0	0	0	0	0	0	1	0	0	0	0	0
NC_000013.10	32945237	32947154	+	NM_000059	INTRON	0	0	0	0	0	13	0	0	0	0	0	0	0	0	0	0	0	0	0	0	0	0
NC_000013.10	32946504	32950806	+	NM_000059	INTRON	0	0	0	0	0	0	0	0	2	0	0	0	0	0	0	0	0	0	0	0	0	0
NC_000013.10	32941957	32944538	-	NM_000059	INTRON	0	0	0	0	0	0	0	0	4	0	0	0	0	0	0	0	8	0	0	0	1	0
NC_000013.10	32937670	32939562	-	NM_000059	INTRON	0	0	0	0	0	0	2	0	17	2	4	0	11	0	0	0	1	0	0	0	5	12
NC_000013.10	32949523	32953451	-	NM_000059	INTRON	0	0	0	0	0	0	0	0	2	0	0	0	0	0	0	0	0	0	0	0	0	0
NC_000013.10	32937670	32943506	+	NM_000059	INTRON	0	0	0	0	0	2	0	0	4	1	0	0	0	0	0	0	0	0	0	0	0	0
NC_000013.10	32950818	33174293	+	NM_000059	INTRON	0	0	0	0	1	0	0	0	0	0	0	0	0	0	0	0	0	0	0	0	0	0
NC_000013.10	32945254	32949450	+	NM_000059	INTRON	0	0	0	0	0	0	0	0	0	0	0	0	0	0	0	0	0	0	0	0	1	0
NC_000013.10	32944646	32945120	+	NM_000059	INTRON	0	0	0	0	0	0	0	0	1	0	0	0	0	0	0	0	0	0	0	0	0	0
NC_000013.10	32950974	32953453	-	NM_000059	INTRON	5	0	0	1	11	3	5	1	17	0	16	3	1	0	11	0	4	0	0	2	0	0
NC_000013.10	32937670	32949717	+	NM_000059	INTRON	0	0	0	0	0	0	0	0	0	0	0	0	0	0	0	0	0	0	0	0	1	0
NC_000013.10	32949543	32950805	-	NM_000059	INTRON	0	0	0	0	0	0	0	0	0	0	0	0	0	0	0	0	0	0	3	0	0	0
NC_000013.10	32945147	32945226	-	NM_000059	INTRON	0	0	0	0	0	0	2	0	0	0	0	0	0	0	0	0	0	0	0	0	0	0
NC_000013.10	32950974	32953453	+	NM_000059	INTRON	3	0	0	9	9	0	14	1	18	0	16	6	1	0	7	0	4	0	0	13	0	0
NC_000013.10	32944570	32945092	+	NM_000059	INTRON	0	0	0	0	0	0	0	0	0	0	0	0	0	0	0	0	3	0	0	0	0	3
NC_000013.10	32937670	32944603	-	NM_000059	INTRON	0	0	0	0	0	0	0	0	0	0	0	0	0	0	0	0	2	0	0	0	0	0
NC_000013.10	32945217	33082090	-	NM_000059	INTRON	0	0	0	0	0	0	0	0	0	0	0	0	1	0	0	0	0	0	0	0	0	0
NC_000013.10	32937670	32950806	+	NM_000059	INTRON	6	0	0	0	4	4	2	0	2	0	0	0	6	8	10	2	0	0	44	0	532	528
NC_000013.10	32945237	32946391	+	NM_000059	INTRON	0	0	0	0	0	6	4	0	3	0	0	0	8	12	0	0	15	20	0	0	0	0
NC_000013.10	32945254	32950806	-	NM_000059	INTRON	0	0	0	0	0	0	0	0	0	0	0	0	0	0	0	0	0	0	0	0	35	8
NC_000013.10	32946656	32950806	+	NM_000059	INTRON	0	0	0	0	0	0	0	0	0	0	0	0	0	0	0	0	1	0	0	0	0	0
NC_000017.10	41256973	41267742	-	NM_007294	INTRON	0	0	2	0	0	0	0	0	0	0	0	0	0	0	0	0	2	0	0	0	0	0
NC_000013.10	32945233	32950805	+	NM_000059	INTRON	0	0	0	0	0	0	0	0	0	0	2	0	0	0	0	0	0	0	0	0	0	0
NC_000013.10	32944683	32950911	+	NM_000059	INTRON	0	0	0	0	0	0	0	0	0	0	0	0	0	0	0	0	0	0	0	0	0	2
NC_000013.10	32945133	32950918	-	NM_000059	INTRON	0	0	0	0	0	0	0	0	0	0	0	10	0	0	0	0	0	0	0	0	0	0
NC_000013.10	32950893	32953461	+	NM_000059	INTRON	0	0	4	0	0	0	0	0	0	0	0	0	0	0	0	0	0	0	0	0	0	0
NC_000013.10	32945235	32950806	+	NM_000059	INTRON	0	0	0	0	0	0	0	0	14	0	0	0	0	0	0	0	0	0	0	0	0	0
NC_000013.10	32897080	32944683	+	NM_000059	INTRON	0	0	0	0	0	0	0	0	0	0	0	0	0	0	0	0	0	1	0	0	0	0
NC_000013.10	32947271	32950806	-	NM_000059	INTRON	0	0	0	0	0	8	0	0	0	0	0	0	0	0	0	0	0	0	0	0	0	0
NC_000017.10	41258550	41267742	+	NM_007294	INTRON	4	0	4	2	0	0	0	0	2	5	2	1	2	2	2	2	2	4	2	3	2	0
NC_000013.10	32945237	32950807	+	NM_000059	INTRON	0	0	0	0	0	0	0	1	0	0	0	0	0	2	0	0	0	0	0	0	0	0
NC_000013.10	32944694	32953453	-	NM_000059	INTRON	0	0	0	0	0	0	0	0	0	0	0	0	0	0	0	0	0	0	0	0	4	0
NC_000013.10	32949526	32950806	+	NM_000059	INTRON	0	0	0	0	12	0	0	0	0	0	0	0	0	0	0	0	0	0	0	0	0	0
NC_000013.10	32949301	32950806	+	NM_000059	INTRON	0	0	16	0	0	0	0	0	0	0	0	0	0	0	0	0	0	0	0	0	0	0
NC_000013.10	32950928	32953453	+	NM_000059	INTRON	2326	5	2894	1896	3039	2587	2463	3093	3431	2564	2985	2093	3772	2374	2751	2517	2856	2085	2842	1292	2315	2308
NC_000013.10	32937670	32945092	-	NM_000059	INTRON	29	0	52	3	89	57	40	33	112	68	166	68	131	70	161	62	159	21	309	34	51	81
NC_000013.10	32944693	32945069	+	NM_000059	INTRON	6	0	0	0	0	0	0	0	0	0	0	0	0	0	0	0	0	0	0	0	0	0
NC_000013.10	32945173	32950911	-	NM_000059	INTRON	3	0	0	0	0	0	0	0	0	0	0	0	0	0	0	0	0	0	0	0	0	0
NC_000013.10	32945237	32949098	-	NM_000059	INTRON	0	0	10	0	0	1	6	1	8	0	0	0	0	4	0	0	4	0	0	0	0	0
NC_000017.10	41256278	41256893	+	NM_007294	INTRON	0	0	0	0	0	0	0	0	0	0	0	0	0	0	1	0	0	0	0	0	0	0
NC_000013.10	32942756	32944538	-	NM_000059	INTRON	0	0	0	0	0	0	0	0	0	0	0	0	0	0	0	0	2	0	0	0	0	0
NC_000013.10	32937663	32944644	+	NM_000059	INTRON	0	0	0	0	0	0	0	0	0	0	0	0	0	1	0	0	0	0	0	0	0	0
NC_000013.10	32944670	32945216	-	NM_000059	INTRON	0	0	0	0	0	0	0	0	0	0	10	0	0	0	0	0	0	0	0	0	0	0
NC_000013.10	32950893	32953461	-	NM_000059	INTRON	0	0	1	0	0	0	0	0	0	0	0	0	0	0	0	0	0	0	0	0	0	0
NC_000013.10	32947271	32950806	+	NM_000059	INTRON	0	0	0	0	0	4	0	0	0	0	0	0	0	0	0	0	0	0	0	0	0	0
NC_000013.10	32939660	32945092	+	NM_000059	INTRON	0	0	0	0	0	0	0	0	0	0	0	0	26	0	0	0	0	0	0	0	0	0
NC_000013.10	32950900	32965432	+	NM_000059	INTRON	0	0	0	0	0	0	0	0	0	1	0	0	0	0	0	0	0	0	0	0	0	0
NC_000013.10	32945112	33051956	-	NM_000059	INTRON	0	0	0	1	0	0	0	0	0	0	0	0	0	0	0	0	0	0	0	0	0	0
NC_000013.10	32949543	32950806	+	NM_000059	INTRON	339	0	951	123	1829	200	1018	193	1969	186	901	99	1244	160	437	131	912	91	551	45	482	134
NC_000013.10	32944627	32945117	-	NM_000059	INTRON	0	0	0	0	0	2	0	0	0	0	0	0	0	0	0	0	0	0	0	0	0	0
NC_000013.10	32940480	32944538	-	NM_000059	INTRON	0	0	0	0	0	0	0	2	0	0	0	0	0	0	0	0	0	0	0	0	0	0
NC_000017.10	41258550	41262481	+	NM_007294	INTRON	0	0	0	0	0	0	0	0	0	0	0	0	0	0	0	0	0	0	1	0	0	0
NC_000013.10	32945176	33129926	+	NM_000059	INTRON	0	0	0	0	0	0	0	0	0	1	0	0	0	0	0	0	0	0	0	0	0	0
NC_000013.10	32937670	32938053	+	NM_000059	INTRON	0	0	2	5	4	2	0	0	2	0	0	0	0	1	0	2	2	0	0	0	0	0
NC_000013.10	32945237	32950849	+	NM_000059	INTRON	7	0	0	0	0	0	0	0	0	0	0	0	0	0	0	0	0	0	0	0	0	0
NC_000013.10	32949543	32950806	-	NM_000059	INTRON	356	0	903	110	1559	215	1058	172	1879	189	939	68	1242	166	439	97	922	47	477	58	413	123
NC_000013.10	32945237	32949471	+	NM_000059	INTRON	0	0	0	0	0	0	0	0	0	0	0	0	0	0	0	0	0	0	4	0	0	0
NC_000013.10	32937670	32944636	-	NM_000059	INTRON	0	0	2	0	0	0	0	0	0	0	0	0	0	0	0	0	4	0	0	0	0	0
NC_000013.10	32945237	32949471	-	NM_000059	INTRON	0	0	0	0	0	0	0	0	0	0	0	0	0	0	0	0	0	0	5	0	0	0
NC_000017.10	41256278	41256884	+	NM_007294	INTRON	2	0	0	0	0	0	0	0	1	8	5	4	4	2	2	1	0	6	6	1	3	2
NC_000013.10	32941957	32950806	-	NM_000059	INTRON	0	0	0	0	0	0	0	0	0	0	0	0	0	0	0	0	0	0	0	0	15	0
NC_000013.10	32945237	32950849	-	NM_000059	INTRON	6	0	0	0	0	0	0	0	0	0	0	0	0	0	0	0	0	0	0	0	0	0
NC_000013.10	32937670	32949479	-	NM_000059	INTRON	0	0	0	0	0	0	0	0	0	0	0	0	0	0	0	0	0	0	0	0	30	9
NC_000013.10	32905035	32937645	-	NM_000059	INTRON	0	0	0	0	0	0	0	0	1	0	0	0	0	0	0	0	0	0	0	0	0	0
NC_000013.10	32949301	32950806	-	NM_000059	INTRON	0	0	14	0	0	0	0	0	0	0	0	0	0	0	0	0	0	0	0	0	0	0
NC_000013.10	32944694	32945093	-	NM_000059	INTRON	0	0	0	0	0	6	0	0	0	0	0	0	0	0	0	0	0	0	0	0	0	0
NC_000013.10	32937670	32949450	+	NM_000059	INTRON	0	0	0	0	0	0	0	0	0	0	0	0	0	0	0	0	0	0	0	0	23	18
NC_000013.10	32945237	32949717	+	NM_000059	INTRON	0	0	34	56	92	7	4	57	27	44	50	52	38	65	63	83	14	20	0	0	0	0
NC_000013.10	32949543	32950805	+	NM_000059	INTRON	0	0	0	0	0	0	0	0	0	0	0	0	0	0	0	0	0	0	4	0	0	0
NC_000013.10	32939660	32944538	-	NM_000059	INTRON	0	0	4	0	0	0	6	0	32	6	15	0	14	0	0	0	1	0	0	0	11	0
NC_000013.10	32950850	32950914	-	NM_000059	INTRON	0	0	0	0	0	0	0	0	0	0	0	0	0	0	0	0	0	5	0	0	0	0
NC_000013.10	32950936	32953453	+	NM_000059	INTRON	0	0	0	0	0	0	1	0	0	0	0	0	0	0	0	0	0	0	0	0	0	0
NC_000013.10	32949840	32950806	-	NM_000059	INTRON	0	0	27	23	42	3	4	34	10	11	32	21	0	22	21	37	5	3	0	0	6	0
NC_000013.10	32949543	32950807	-	NM_000059	INTRON	0	0	0	0	8	0	0	0	2	0	0	0	0	0	0	0	0	0	0	0	0	0
NC_000017.10	41267796	41276033	-	NM_007294	INTRON	0	0	1	0	0	0	2	0	0	1	2	0	1	1	2	1	1	3	2	0	1	0
NC_000013.10	32949840	32950806	+	NM_000059	INTRON	0	0	20	24	71	2	5	35	3	16	31	25	0	30	41	47	4	7	0	0	10	0
NC_000013.10	32944694	32945093	+	NM_000059	INTRON	0	0	0	0	0	3	0	0	0	2	0	0	0	0	0	0	0	0	0	0	0	0
NC_000013.10	32945237	32950806	-	NM_000059	INTRON	5562	9	6220	5021	5412	6154	4984	7810	6552	6268	6622	5350	7831	5647	6407	6365	5895	5151	6258	3379	2154	1998
NC_000013.10	32937670	32943506	-	NM_000059	INTRON	0	0	0	0	0	1	0	0	4	1	0	0	0	0	0	0	4	0	0	0	0	0
NC_000013.10	32945223	33042614	+	NM_000059	INTRON	0	0	0	0	1	0	0	0	0	0	0	0	0	0	0	0	0	0	0	0	0	0
NC_000013.10	32941957	32944538	+	NM_000059	INTRON	0	0	0	0	0	0	0	0	7	0	0	0	0	0	0	0	14	0	0	0	0	0
NC_000013.10	32944686	32945104	+	NM_000059	INTRON	0	0	0	0	0	0	0	0	0	0	0	0	0	0	0	0	0	0	0	0	3	0
NC_000013.10	32945237	32949742	-	NM_000059	INTRON	0	0	0	0	0	1	0	0	0	0	0	0	0	0	0	0	0	0	0	0	0	0
NC_000013.10	32938153	32944538	-	NM_000059	INTRON	0	0	16	10	0	0	0	1	0	0	0	0	0	0	0	0	6	0	0	0	1	0
NC_000013.10	32946504	32950806	-	NM_000059	INTRON	0	0	0	0	0	0	0	0	2	0	0	0	0	0	0	0	0	0	0	0	0	0
NC_000013.10	32944694	32950807	-	NM_000059	INTRON	0	0	0	0	0	0	0	0	0	0	0	0	0	0	0	0	0	0	0	0	0	6
NC_000013.10	32944694	32950806	-	NM_000059	INTRON	9	0	0	0	62	9	26	13	19	0	3	0	18	4	8	13	57	13	155	0	1641	1983
NC_000013.10	32944694	32949717	-	NM_000059	INTRON	0	0	0	0	0	0	0	0	0	0	0	0	0	0	0	0	0	0	0	0	3	2
NC_000013.10	32939660	32945092	-	NM_000059	INTRON	0	0	0	0	0	0	0	0	0	0	0	0	22	0	0	0	0	0	0	0	0	0
NC_000013.10	32945132	32998190	+	NM_000059	INTRON	0	0	0	0	0	0	0	0	0	0	1	0	0	0	0	0	0	0	0	0	0	0
NC_000013.10	32949543	32950807	+	NM_000059	INTRON	0	0	0	0	4	0	0	0	0	0	0	0	0	0	0	0	0	0	0	0	0	0
NC_000013.10	32938153	32944538	+	NM_000059	INTRON	0	0	11	12	2	2	0	0	0	0	0	0	0	0	0	0	1	0	0	0	2	0
NC_000013.10	32950927	32953453	+	NM_000059	INTRON	0	0	0	0	0	0	0	0	0	0	0	0	0	0	1	2	0	1	0	0	0	0
NC_000013.10	32945173	32989443	-	NM_000059	INTRON	0	0	0	0	0	0	0	0	0	0	0	1	0	0	0	0	0	0	0	0	0	0
NC_000013.10	32953467	33000137	+	NM_000059	INTRON	0	0	0	0	0	0	0	0	1	0	0	0	0	0	0	0	0	0	0	0	0	0
NC_000017.10	41256973	41258472	-	NM_007294	INTRON	0	0	0	2	1	0	1	0	0	2	2	2	1	4	3	2	4	4	5	0	6	0
NC_000013.10	32945145	32950854	-	NM_000059	INTRON	0	0	0	0	0	0	0	0	0	0	2	0	0	0	0	0	0	0	0	0	0	0
NC_000017.10	41256973	41258472	+	NM_007294	INTRON	2	0	4	1	0	0	0	0	2	6	4	2	3	2	1	2	0	6	0	0	1	0
NC_000013.10	32953467	32958837	+	NM_000059	INTRON	0	0	0	0	0	0	0	0	1	0	0	0	0	0	0	0	0	0	0	0	0	0
NC_000013.10	32946600	32950806	+	NM_000059	INTRON	0	0	0	0	0	9	7	0	0	0	0	0	7	0	0	0	9	27	0	0	0	0
NC_000013.10	32938232	32944538	-	NM_000059	INTRON	5	0	0	0	1	7	0	4	2	0	0	0	2	0	1	8	1	0	0	0	0	0
NC_000013.10	32946600	32950806	-	NM_000059	INTRON	0	0	0	0	0	6	5	0	0	0	0	0	9	0	0	0	4	25	0	0	0	0
NC_000013.10	32945237	32950749	-	NM_000059	INTRON	0	0	0	0	0	0	0	0	0	0	0	0	0	0	0	0	0	0	0	0	7	0
NC_000013.10	32944694	32945092	-	NM_000059	INTRON	6123	10	7301	5223	7254	6495	6471	7791	8743	6564	7877	5375	9349	5683	6952	6461	6487	5408	6097	3342	2188	1761
NC_000013.10	32937670	32944636	+	NM_000059	INTRON	0	0	2	0	0	0	0	0	0	0	0	0	0	0	0	0	4	0	0	0	0	0
NC_000013.10	32940480	32944538	+	NM_000059	INTRON	0	0	0	0	0	0	0	1	0	0	0	0	0	0	0	0	0	0	0	0	0	0
NC_000013.10	32950927	32953453	-	NM_000059	INTRON	0	0	0	0	0	0	0	2	0	0	0	0	0	0	0	0	0	0	0	0	0	0
NC_000013.10	32945237	32949218	+	NM_000059	INTRON	0	0	34	0	4	0	50	0	35	0	0	0	4	0	0	0	14	0	0	0	0	0
NC_000013.10	32937670	32945091	+	NM_000059	INTRON	0	0	0	0	0	0	3	0	0	0	0	0	0	0	0	0	0	0	0	0	0	0
NC_000013.10	32944694	32950807	+	NM_000059	INTRON	0	0	0	0	0	0	0	0	0	0	0	0	0	0	0	0	0	0	2	0	0	2
NC_000013.10	32905035	32937644	-	NM_000059	INTRON	0	0	0	0	0	0	0	0	0	0	0	0	0	1	0	0	0	0	0	0	0	0
NC_000013.10	32945237	32949450	-	NM_000059	INTRON	24	0	118	0	215	44	139	38	250	50	157	27	281	31	111	4	72	0	46	0	34	0
NC_000013.10	32937670	32944552	-	NM_000059	INTRON	0	0	0	0	16	0	0	0	0	0	0	0	0	0	0	0	1	0	0	0	0	0
NC_000013.10	32945237	32949218	-	NM_000059	INTRON	0	0	31	0	3	0	25	0	38	0	0	0	2	0	0	0	9	0	0	0	0	0
NC_000013.10	32939660	32944538	+	NM_000059	INTRON	0	0	11	0	0	0	6	0	30	8	8	0	15	0	0	0	4	0	0	0	10	0
NC_000013.10	32944675	32945225	+	NM_000059	INTRON	0	0	0	0	0	0	0	0	0	0	0	0	2	0	0	0	0	0	0	0	0	0
NC_000013.10	32945129	33555468	+	NM_000059	INTRON	0	0	0	0	0	0	0	0	0	0	0	0	0	0	0	0	0	0	1	0	0	0
NC_000013.10	32937670	32939562	+	NM_000059	INTRON	0	0	6	0	0	0	3	0	14	5	2	0	16	0	0	0	1	0	0	0	4	15
NC_000013.10	32950936	32953453	-	NM_000059	INTRON	0	0	0	0	0	0	3	0	0	0	0	0	0	0	0	0	0	0	0	0	0	0
NC_000017.10	41243049	41243451	+	NM_007294	INTRON	2	0	0	0	0	0	0	0	0	0	0	0	0	0	0	0	0	0	0	0	0	0
NC_000013.10	32944686	32945104	-	NM_000059	INTRON	0	0	0	0	0	0	0	0	0	0	0	0	0	0	0	0	0	0	0	0	3	0
NC_000013.10	32945129	33032013	+	NM_000059	INTRON	0	0	0	0	0	1	0	0	0	0	0	0	0	0	0	0	0	0	0	0	0	0
NC_000013.10	32944602	32950887	-	NM_000059	INTRON	0	0	0	0	0	0	0	0	4	0	0	0	0	0	0	0	0	0	0	0	0	0
NC_000013.10	32945237	32949479	-	NM_000059	INTRON	360	0	811	132	1464	186	1018	164	1849	170	910	62	1128	150	401	115	887	53	504	60	106	2
NC_000013.10	32943533	32944538	+	NM_000059	INTRON	0	0	0	0	0	2	0	0	4	1	0	0	0	0	0	0	0	0	0	0	0	3
NC_000013.10	32944683	32950911	-	NM_000059	INTRON	0	0	0	0	0	0	0	0	0	0	0	0	0	0	0	0	0	0	0	0	0	1
NC_000013.10	32950927	32953446	+	NM_000059	INTRON	0	0	0	0	0	0	0	0	2	0	0	0	0	0	0	0	0	0	0	0	0	0
NC_000013.10	32945237	32949301	-	NM_000059	INTRON	0	0	22	0	1	0	13	0	26	0	0	0	0	0	0	0	0	0	0	0	5	0
NC_000013.10	32945150	32950898	+	NM_000059	INTRON	0	0	0	0	0	0	0	0	0	0	0	0	0	2	0	0	0	0	0	0	0	0
NC_000017.10	41234592	41242960	+	NM_007294	INTRON	2	0	0	0	0	0	0	0	0	0	0	0	0	0	0	0	0	0	0	0	0	0
NC_000013.10	32949474	32950837	-	NM_000059	INTRON	0	0	0	0	0	0	0	0	0	0	0	0	0	0	0	0	0	0	1	0	0	0
NC_000013.10	32945237	32950807	-	NM_000059	INTRON	0	0	0	0	0	4	0	0	0	0	0	0	0	0	0	0	0	0	0	0	0	0
NC_000013.10	32945237	32949450	+	NM_000059	INTRON	22	0	127	0	233	25	114	32	295	56	162	30	270	27	102	7	73	0	33	0	23	0
NC_000013.10	32945236	32950806	+	NM_000059	INTRON	0	0	0	0	0	0	0	2	0	0	0	0	0	0	0	0	0	0	0	0	0	0
NC_000013.10	32937670	32944552	+	NM_000059	INTRON	0	0	0	0	13	0	0	0	0	0	0	0	0	3	0	0	2	0	0	0	0	0
NC_000013.10	32945233	32950806	-	NM_000059	INTRON	0	0	0	0	0	0	0	0	0	0	0	0	4	0	0	0	0	0	0	0	0	0
NC_000013.10	32949481	32950807	+	NM_000059	INTRON	0	0	0	0	2	0	0	0	0	0	0	0	0	0	0	0	0	0	0	0	0	0
NC_000017.10	41251894	41256138	+	NM_007294	INTRON	0	0	0	0	0	0	0	0	0	0	0	2	0	0	2	0	0	0	0	0	0	0
NC_000013.10	32937670	32944538	+	NM_000059	INTRON	2217	6	2794	1988	2887	2394	2553	3110	3306	2576	2840	2077	3577	2149	2374	2622	2565	2071	2337	1191	1719	1751
NC_000013.10	32945173	32950911	+	NM_000059	INTRON	8	0	0	0	0	0	0	0	0	0	0	0	0	0	0	0	0	0	0	0	0	0
NC_000013.10	32944602	32950887	+	NM_000059	INTRON	0	0	0	0	0	0	0	0	15	0	0	0	0	0	0	0	0	0	0	0	0	0
NC_000013.10	32937670	32940350	+	NM_000059	INTRON	0	0	0	0	0	0	0	1	0	0	0	0	0	0	0	0	0	0	0	0	0	0
NC_000013.10	32946656	32950806	-	NM_000059	INTRON	0	0	0	0	0	0	0	0	0	0	0	0	0	0	0	0	6	0	0	0	0	0
NC_000013.10	32945237	32949098	+	NM_000059	INTRON	0	0	11	0	0	0	11	0	4	0	0	0	0	1	0	0	10	0	0	0	0	0
NC_000017.10	41256973	41258494	+	NM_007294	INTRON	0	0	0	0	0	0	0	0	0	0	0	0	0	0	0	0	0	0	2	0	2	0
NC_000013.10	32944694	32949479	-	NM_000059	INTRON	0	0	0	0	0	0	0	0	0	0	0	0	0	0	0	0	0	0	0	0	185	42
NC_000017.10	41267796	41276033	+	NM_007294	INTRON	3	0	4	2	0	0	0	0	1	1	2	0	2	0	2	1	2	1	3	3	2	0
NC_000013.10	32945196	33114626	-	NM_000059	INTRON	1	0	0	0	0	0	0	0	0	0	0	0	0	0	0	0	0	0	0	0	0	0
NC_000013.10	32950850	32950914	+	NM_000059	INTRON	0	0	0	0	0	0	0	0	0	0	0	0	0	2	0	0	0	8	0	0	0	0
NC_000013.10	32937670	32944603	+	NM_000059	INTRON	0	0	0	0	0	0	0	0	0	0	0	0	0	0	0	0	3	0	0	0	3	0
NC_000013.10	32944693	32945068	+	NM_000059	INTRON	0	0	4	0	0	0	0	0	0	0	0	0	12	0	0	0	0	0	0	0	0	0
NC_000013.10	32937669	32942648	-	NM_000059	INTRON	0	0	0	0	0	0	0	0	0	0	0	0	0	0	0	0	1	0	0	0	0	0
NC_000013.10	32944570	32945092	-	NM_000059	INTRON	0	0	0	0	0	0	0	0	0	0	0	0	0	0	0	0	0	0	0	0	0	2
NC_000013.10	32937670	32950806	-	NM_000059	INTRON	6	0	0	0	0	4	4	0	4	0	0	2	6	0	2	4	0	0	26	0	470	534
NC_000013.10	32944681	33091510	+	NM_000059	INTRON	0	0	0	0	0	0	0	0	0	0	0	0	0	0	0	0	0	0	0	0	0	1
NC_000013.10	32945236	32950806	-	NM_000059	INTRON	0	0	0	0	0	0	0	3	0	0	0	0	0	0	0	0	0	0	0	0	0	0
NC_000013.10	32944694	32949479	+	NM_000059	INTRON	0	0	0	0	0	0	0	0	0	0	0	0	0	0	0	0	0	0	0	0	192	51
NC_000013.10	32944694	32949450	-	NM_000059	INTRON	0	0	0	0	0	0	0	0	0	0	0	0	0	0	0	0	0	0	0	0	5	0
NC_000013.10	32950813	33034183	+	NM_000059	INTRON	0	0	0	0	0	0	0	0	0	0	0	0	0	0	0	0	1	0	0	0	0	0
NC_000013.10	32944670	32945216	+	NM_000059	INTRON	0	0	0	0	0	0	0	0	0	0	11	0	0	0	0	0	0	0	0	0	0	0
NC_000013.10	32950859	33012118	+	NM_000059	INTRON	0	0	0	0	0	0	0	0	0	0	0	0	1	0	0	0	0	0	0	0	0	0
NC_000013.10	32937670	32944538	-	NM_000059	INTRON	2220	4	2657	1841	2630	2391	2295	2736	3158	2385	2910	1957	3345	2070	2504	2406	2350	1952	2272	1196	1572	1578
NC_000017.10	41262597	41267742	+	NM_007294	INTRON	0	0	0	0	0	0	0	0	0	0	0	0	0	0	0	0	0	0	1	0	0	0
NC_000013.10	32941957	32950806	+	NM_000059	INTRON	0	0	0	0	0	0	0	0	0	0	0	0	0	0	0	0	0	0	0	0	14	0
