chr	start	end	strand	NM	intron	050020176t_BRCA1c5467_TCCGCGAA-ATAGAGGC_L001_R.txt	050020176u_BRCA1c5467_TCCGCGAA-TATAGCCT_L001_R.txt	071110075t_BRCA1c5467neg_AGCGATAG-TATAGCCT_L001_R.txt	071110075u_BRCA1c5467neg_TCTCGCGC-TATAGCCT_L001_R.txt	071110082t_BRCA1c5467neg_AGCGATAG-ATAGAGGC_L001_R.txt	071110082u_BRCA1c5467neg_TCTCGCGC-ATAGAGGC_L001_R.txt	071110085t_BRCA1c5467neg_AGCGATAG-CCTATCCT_L001_R.txt	071110085u_BRCA1c5467neg_TCTCGCGC-CCTATCCT_L001_R.txt	071110097t_BRCA1c5467neg_AGCGATAG-GGCTCTGA_L001_R.txt	071110097u_BRCA1c5467neg_TCTCGCGC-GGCTCTGA_L001_R.txt	071110134t_BRCA1c5467neg_AGCGATAG-AGGCGAAG_L001_R.txt	071110134u_BRCA1c5467neg_TCTCGCGC-AGGCGAAG_L001_R.txt	081110021t_BRCA1c5467neg_AGCGATAG-TAATCTTA_L001_R.txt	081110021u_BRCA1c5467neg_TCTCGCGC-TAATCTTA_L001_R.txt	081110059t_BRCA1c5467neg_AGCGATAG-CAGGACGT_L001_R.txt	081110059u_BRCA1c5467neg_TCTCGCGC-CAGGACGT_L001_R.txt	081110064t_BRCA1c5467neg_AGCGATAG-GTACTGAC_L001_R.txt	081110064u_BRCA1c5467neg_TCTCGCGC-GTACTGAC_L001_R.txt	081110065t_BRCA1c5467neg_TCCGCGAA-CAGGACGT_L001_R.txt	081110065u_BRCA1c5467neg_TCCGCGAA-AGGCGAAG_L001_R.txt	081110066t_BRCA1c5467neg_TCCGCGAA-GTACTGAC_L001_R.txt	081110066u_BRCA1c5467neg_TCCGCGAA-TAATCTTA_L001_R.txt
NC_000017.10	41197818	41199659	-	NM_007294	INTRON	0	0	0	0	0	0	0	0	0	0	0	2	0	0	0	0	0	0	0	0	0	0
NC_000017.10	41228631	41234420	-	NM_007300	INTRON	0	0	0	0	2	7	0	1	0	2	2	0	0	2	6	0	0	1	0	0	0	0
NC_000017.10	41201188	41203079	-	NM_007294	INTRON	0	0	0	0	0	0	0	0	0	0	0	0	0	0	0	0	0	10	0	0	0	0
NC_000017.10	41199726	41201137	+	NM_007294	INTRON	0	0	2	0	0	0	0	0	0	0	0	0	0	0	0	0	0	0	0	0	0	0
NC_000017.10	41201209	41375527	-	NM_007294	INTRON	0	1	0	0	0	0	0	0	0	0	0	0	0	0	0	0	0	0	0	0	0	0
NC_000017.10	41201211	41209068	-	NM_007294	INTRON	42	78	57	0	91	9	71	49	79	39	48	10	82	20	88	34	40	46	67	52	26	4
NC_000017.10	41201812	41203079	-	NM_007294	INTRON	1	0	0	0	0	0	0	0	0	0	0	0	0	0	0	0	0	0	0	0	0	0
NC_000017.10	41199720	41201137	+	NM_007294	INTRON	3726	2497	5195	7	5242	4447	5482	4618	5193	4704	5834	4466	5258	5464	5365	4089	3318	4027	4266	5407	3143	5673
NC_000017.10	41197826	41199659	+	NM_007294	INTRON	0	0	2	0	0	0	0	0	0	0	0	0	0	0	0	0	0	0	0	0	0	0
NC_000017.10	41201211	41203079	+	NM_007294	INTRON	6947	4752	5202	11	5239	4577	5384	4630	5264	4781	5775	4514	5340	5604	5327	4167	3357	3967	4082	5494	3167	5930
NC_000017.10	41203126	41209068	-	NM_007294	INTRON	2	0	2	0	5	0	4	0	0	21	15	2	7	0	29	0	0	19	5	5	0	0
NC_000017.10	41203122	41389282	-	NM_007294	INTRON	0	0	0	0	0	0	0	0	0	0	0	0	0	0	0	0	0	0	0	0	0	1
NC_000017.10	41231416	41234420	+	NM_007300	INTRON	0	0	0	0	0	2	0	0	0	0	0	0	0	0	0	0	0	0	0	0	0	0
NC_000017.10	41203085	41339724	-	NM_007294	INTRON	0	0	0	0	0	0	0	0	0	0	0	0	0	1	0	0	0	0	0	0	0	0
NC_000017.10	41197819	41201137	-	NM_007294	INTRON	2453	1739	15	2	2	27	0	0	16	44	6	15	12	26	0	25	9	16	14	23	4	3
NC_000017.10	41209122	41429280	-	NM_007294	INTRON	0	0	0	0	0	0	0	0	0	0	0	0	0	0	0	0	0	0	0	2	0	0
NC_000017.10	41226538	41228504	+	NM_007294	INTRON	3	0	2	0	0	0	0	1	0	0	0	2	0	1	1	0	0	0	0	1	2	0
NC_000017.10	41249306	41251791	+	NM_007294	INTRON	0	0	0	0	0	2	2	2	2	0	0	4	0	0	0	2	0	0	0	0	0	0
NC_000017.10	41201211	41201798	+	NM_007294	INTRON	13	0	0	0	0	0	2	0	0	0	4	0	28	0	7	0	0	0	69	0	0	0
NC_000017.10	41203134	41209068	+	NM_007294	INTRON	5356	3556	3674	5	3629	3228	3706	3203	3799	3273	4052	3172	3781	3959	3749	2975	2463	2868	3012	3887	2228	4303
NC_000017.10	41201917	41203079	+	NM_007294	INTRON	12	0	4	0	0	0	0	0	0	0	2	0	23	0	7	0	0	0	20	0	0	0
NC_000017.10	41197803	41201194	-	NM_007294	INTRON	0	0	0	0	6	0	0	0	0	0	0	0	0	0	0	0	0	0	0	0	0	0
NC_000017.10	41199720	41201137	-	NM_007294	INTRON	3692	2407	5086	11	5031	4302	5254	4462	5073	4612	5674	4434	5004	5293	5103	3903	3274	3734	3941	5014	3127	5548
NC_000017.10	41243049	41247862	+	NM_007294	INTRON	0	0	0	2	0	0	2	0	0	0	0	0	0	0	0	1	0	0	0	0	0	0
NC_000017.10	41243049	41251791	-	NM_007294	INTRON	0	0	0	0	0	0	0	0	0	0	0	0	0	0	0	0	0	0	0	1	0	0
NC_000017.10	41246877	41251791	-	NM_007294	INTRON	0	0	0	0	0	0	1	4	0	2	0	0	0	0	2	0	0	0	0	2	0	0
NC_000017.10	41228631	41234420	+	NM_007300	INTRON	2	0	2	3	4	3	0	4	0	0	2	2	1	0	0	0	0	0	0	3	2	0
NC_000017.10	41234589	41242960	-	NM_007294	INTRON	0	0	0	0	0	2	1	2	0	0	0	0	0	0	0	0	0	0	2	1	0	0
NC_000017.10	41197819	41203079	-	NM_007294	INTRON	2	16	4	0	0	0	0	4	0	0	4	0	4	2	6	0	0	4	0	10	0	12
NC_000017.10	41243049	41251791	+	NM_007294	INTRON	0	0	0	0	1	1	0	0	0	0	0	0	0	0	0	2	0	0	0	0	0	0
NC_000017.10	41201211	41203080	-	NM_007294	INTRON	0	0	0	0	0	0	0	0	0	0	0	0	0	0	0	0	0	0	0	6	0	0
NC_000017.10	41246877	41247862	+	NM_007294	INTRON	0	0	0	0	0	6	0	3	2	0	0	6	0	0	0	2	0	1	2	1	0	0
NC_000017.10	41197819	41199654	-	NM_007294	INTRON	0	0	3	0	4	8	6	9	0	22	0	0	0	0	4	3	4	0	0	6	6	0
NC_000017.10	41199727	41201136	+	NM_007294	INTRON	30	0	34	0	15	11	23	0	54	34	8	5	84	2	6	0	35	2	11	5	0	32
NC_000017.10	41203134	41209068	-	NM_007294	INTRON	5278	3750	3623	5	3497	3082	3676	3056	3594	3323	3921	3171	3550	3754	3530	2736	2351	2740	2861	3458	2216	4028
NC_000017.10	41197819	41201137	+	NM_007294	INTRON	2413	1660	16	2	0	15	0	0	23	50	8	9	6	30	0	20	5	12	4	28	4	2
NC_000017.10	41201201	41203079	+	NM_007294	INTRON	0	0	0	0	0	0	0	0	0	0	0	0	0	0	2	0	0	0	0	0	0	0
NC_000017.10	41247939	41249260	-	NM_007294	INTRON	0	0	2	0	0	0	0	3	2	4	2	1	0	0	0	0	0	0	0	0	0	0
NC_000017.10	41197826	41199659	-	NM_007294	INTRON	0	0	3	0	0	0	0	0	0	0	0	0	0	0	0	0	0	0	0	0	0	0
NC_000017.10	41197803	41201194	+	NM_007294	INTRON	0	0	0	0	2	0	0	0	0	0	0	0	0	0	0	0	0	0	0	0	0	0
NC_000017.10	41231416	41234420	-	NM_007300	INTRON	0	0	0	0	0	0	0	0	0	0	0	0	0	2	0	0	0	0	0	0	0	2
NC_000017.10	41201917	41203079	-	NM_007294	INTRON	13	0	2	0	0	0	0	0	7	0	3	0	14	0	2	0	0	0	27	0	0	0
NC_000017.10	41228628	41229020	-	NM_007294	INTRON	0	2	0	0	0	0	0	0	0	0	0	0	0	0	0	0	0	0	0	0	0	0
NC_000017.10	41243049	41247862	-	NM_007294	INTRON	0	0	2	0	0	0	0	2	0	0	0	1	0	0	0	0	0	0	0	0	0	0
NC_000017.10	41228631	41231350	-	NM_007294	INTRON	0	0	0	0	0	0	0	0	0	0	0	0	0	1	0	0	0	0	0	0	0	0
NC_000017.10	41199720	41203079	-	NM_007294	INTRON	14	12	46	0	12	32	40	18	40	6	34	4	56	58	42	30	52	58	32	26	62	60
NC_000017.10	41203126	41209068	+	NM_007294	INTRON	5	0	0	0	7	0	5	0	0	10	18	3	11	0	20	0	0	11	4	5	0	0
NC_000017.10	41234592	41242960	-	NM_007294	INTRON	0	0	0	0	2	4	4	15	0	7	0	2	1	3	8	0	0	2	0	0	0	2
NC_000017.10	41199728	41201136	-	NM_007294	INTRON	38	0	60	0	35	38	78	62	50	6	74	14	18	37	89	30	35	26	88	35	22	2
NC_000017.10	41199720	41209068	+	NM_007294	INTRON	0	0	0	0	8	0	4	0	0	0	0	0	0	0	2	0	2	0	0	0	0	0
NC_000017.10	41197819	41199654	+	NM_007294	INTRON	0	0	5	0	2	10	2	5	6	29	0	0	0	0	9	7	2	0	0	5	1	0
NC_000017.10	41209108	41300950	-	NM_007294	INTRON	0	0	0	0	0	0	0	0	0	0	0	0	0	1	0	0	0	0	0	0	0	0
NC_000017.10	41199720	41203079	+	NM_007294	INTRON	16	6	44	0	18	18	36	16	34	12	24	6	48	68	42	22	36	82	44	42	68	74
NC_000017.10	41202207	41203079	-	NM_007294	INTRON	41	0	30	0	2	0	25	0	50	0	25	21	16	0	11	34	1	0	93	2	0	0
NC_000017.10	41209126	41416001	-	NM_007294	INTRON	0	0	0	0	0	0	0	0	0	0	0	0	0	0	0	1	0	0	0	0	0	0
NC_000017.10	41203115	41203963	-	NM_007294	INTRON	0	0	0	0	0	0	0	0	1	0	0	0	0	0	0	0	0	0	0	0	0	0
NC_000017.10	41199686	41201202	+	NM_007294	INTRON	2	0	0	0	0	0	0	0	0	0	0	0	0	0	0	0	0	0	0	0	0	0
NC_000017.10	41199727	41201136	-	NM_007294	INTRON	14	0	39	0	25	9	20	0	47	41	3	8	65	2	2	0	30	4	4	3	0	38
NC_000017.10	41199717	41201135	-	NM_007294	INTRON	0	0	0	0	0	0	0	0	0	0	8	0	0	0	0	0	0	0	0	9	0	0
NC_000017.10	41201211	41202078	+	NM_007294	INTRON	45	0	46	1	2	0	45	0	67	0	20	17	7	0	17	46	5	0	111	0	0	0
NC_000017.10	41201188	41203079	+	NM_007294	INTRON	0	0	0	0	0	0	0	0	0	0	0	0	0	0	0	0	0	12	0	0	0	0
NC_000017.10	41234589	41242960	+	NM_007294	INTRON	0	0	0	0	0	1	0	0	0	0	0	0	0	0	0	0	0	0	0	0	0	0
NC_000017.10	41246877	41247862	-	NM_007294	INTRON	0	0	0	0	0	0	0	3	1	4	0	0	0	0	0	2	0	0	0	0	0	0
NC_000017.10	41229099	41251791	-	NM_007300	INTRON	0	2	0	0	0	0	0	0	0	0	0	0	0	0	0	0	0	0	0	0	0	0
NC_000017.10	41203085	41339724	+	NM_007294	INTRON	0	0	0	0	0	0	0	0	1	0	0	0	0	0	0	0	0	0	0	0	0	0
NC_000017.10	41228628	41234420	+	NM_007294	INTRON	6	0	0	1	0	0	1	0	0	0	1	3	0	4	2	2	0	2	0	0	0	0
NC_000017.10	41246877	41251791	+	NM_007294	INTRON	0	0	0	0	0	0	0	2	0	2	2	3	0	0	0	0	0	2	1	0	0	0
NC_000017.10	41234592	41242960	+	NM_007294	INTRON	1	0	0	5	5	1	2	1	0	0	1	9	0	4	0	4	0	5	1	3	2	0
NC_000017.10	41243049	41246760	+	NM_007294	INTRON	0	0	0	0	0	3	0	3	0	2	2	10	0	0	0	1	0	7	3	3	2	0
NC_000017.10	41197819	41199659	+	NM_007294	INTRON	2487	1669	3466	6	3553	3058	3836	3098	3497	3146	3957	3011	3544	3639	3733	2776	2214	2805	2943	3724	2214	3831
NC_000017.10	41228628	41234420	-	NM_007294	INTRON	0	0	0	0	2	0	2	1	0	0	0	4	0	0	0	0	0	0	0	0	0	0
NC_000017.10	41243049	41246760	-	NM_007294	INTRON	0	0	0	0	0	3	6	8	0	8	0	1	1	2	4	0	0	1	2	1	0	0
NC_000017.10	41201211	41203079	-	NM_007294	INTRON	6973	4835	5070	9	5029	4306	5233	4388	5043	4749	5588	4519	5043	5376	5072	3923	3357	3763	3865	4962	3141	5712
NC_000017.10	41199720	41209068	-	NM_007294	INTRON	0	0	0	0	2	0	4	0	0	0	0	0	0	0	0	0	2	0	0	0	0	0
NC_000017.10	41243666	41247862	+	NM_007294	INTRON	0	0	0	0	0	2	0	0	0	0	0	0	0	0	0	0	0	0	0	0	0	0
NC_000017.10	41201211	41209068	+	NM_007294	INTRON	63	135	49	0	123	15	69	68	55	34	52	10	80	27	79	27	48	38	85	46	10	10
NC_000017.10	41201211	41201798	-	NM_007294	INTRON	18	0	0	0	0	0	0	0	4	0	5	0	27	0	5	0	0	0	91	0	0	0
NC_000017.10	41199717	41201135	+	NM_007294	INTRON	0	0	0	0	0	0	0	0	0	0	0	0	0	0	0	0	0	0	0	6	0	0
NC_000017.10	41201913	41203079	+	NM_007294	INTRON	0	0	0	0	0	0	1	0	0	0	0	0	0	0	0	0	0	0	6	0	0	0
NC_000017.10	41201211	41202078	-	NM_007294	INTRON	43	0	37	0	6	0	21	0	63	0	23	29	13	0	9	43	2	0	94	0	0	0
NC_000017.10	41226538	41228504	-	NM_007294	INTRON	0	0	0	0	1	2	0	0	0	0	0	2	0	0	0	0	0	0	0	0	0	0
NC_000017.10	41201913	41203079	-	NM_007294	INTRON	0	0	0	0	0	0	0	0	0	0	0	0	0	0	0	0	0	0	5	0	0	0
NC_000017.10	41247939	41249260	+	NM_007294	INTRON	0	0	0	0	0	4	2	4	2	0	0	4	0	0	0	2	0	0	0	0	0	0
NC_000017.10	41197819	41199659	-	NM_007294	INTRON	2496	1568	3482	10	3380	2893	3597	3123	3508	3066	3880	2911	3446	3571	3539	2636	2214	2548	2760	3454	2146	3765
NC_000017.10	41197819	41203079	+	NM_007294	INTRON	8	18	2	0	6	0	0	2	0	2	2	0	4	0	4	0	2	10	0	8	0	4
NC_000017.10	41228631	41231350	+	NM_007294	INTRON	0	0	0	0	0	2	0	0	0	0	0	0	0	0	0	0	0	0	0	0	0	0
NC_000017.10	41199728	41201136	+	NM_007294	INTRON	24	0	62	0	35	59	82	79	49	5	75	12	14	32	87	30	23	18	76	31	27	9
NC_000017.10	41249306	41251791	-	NM_007294	INTRON	0	0	2	0	0	0	0	2	2	1	2	1	0	0	0	0	0	0	0	0	0	0
NC_000017.10	41202207	41203079	+	NM_007294	INTRON	41	0	36	1	0	0	22	0	40	0	36	9	9	0	13	38	4	0	95	0	0	0
NC_000017.10	41201203	41431037	+	NM_007294	INTRON	0	0	0	0	0	0	0	0	1	0	0	0	0	0	0	0	0	0	0	0	0	0
