chr	start	end	strand	NM	intron	060090915t_BRCA1c671_1_R.txt	060090915t_BRCA1c671_2_CTGAAGCT-ATAGAGGC_L001_R.txt	060090915u_BRCA1c671_1_R.txt	060090915u_BRCA1c671_2_CTGAAGCT-TATAGCCT_L001_R.txt	071110075t_BRCA1c591_1neg_R.txt	071110075t_BRCA1c591_2neg_CGGCTATG-TATAGCCT_L001_R.txt	071110075u_BRCA1c591_1neg_R.txt	071110075u_BRCA1c591_2neg_TAATGCGC-TATAGCCT_L001_R.txt	071110082t_BRCA1c591_1neg_R.txt	071110082t_BRCA1c591_2neg_CGGCTATG-ATAGAGGC_L001_R.txt	071110082u_BRCA1c591_1neg_R.txt	071110082u_BRCA1c591_2neg_TAATGCGC-ATAGAGGC_L001_R.txt	071110085t_BRCA1c591_1neg_R.txt	071110085t_BRCA1c591_2neg_CGGCTATG-CCTATCCT_L001_R.txt	071110085u_BRCA1c591_1neg_R.txt	071110085u_BRCA1c591_2neg_TAATGCGC-CCTATCCT_L001_R.txt	071110097t_BRCA1c591_1neg_R.txt	071110097t_BRCA1c591_2neg_CGGCTATG-GGCTCTGA_L001_R.txt	071110097u_BRCA1c591_1neg_R.txt	071110097u_BRCA1c591_2neg_TAATGCGC-GGCTCTGA_L001_R.txt	071110134t_BRCA1c591_1neg_R.txt	071110134t_BRCA1c591_2neg_CGGCTATG-AGGCGAAG_L001_R.txt	071110134u_BRCA1c591_1neg_R.txt	071110134u_BRCA1c591_2neg_TAATGCGC-AGGCGAAG_L001_R.txt	081110021t_BRCA1c591_1neg_R.txt	081110021t_BRCA1c591_2neg_CGGCTATG-TAATCTTA_L001_R.txt	081110021u_BRCA1c591_1neg_R.txt	081110021u_BRCA1c591_2neg_TAATGCGC-TAATCTTA_L001_R.txt	081110059t_BRCA1c591_1neg_R.txt	081110059t_BRCA1c591_2neg_CGGCTATG-CAGGACGT_L001_R.txt	081110059u_BRCA1c591_1neg_R.txt	081110059u_BRCA1c591_2neg_TAATGCGC-CAGGACGT_L001_R.txt	081110064t_BRCA1c591_1neg_R.txt	081110064t_BRCA1c591_2neg_CGGCTATG-GTACTGAC_L001_R.txt	081110064u_BRCA1c591_1neg_R.txt	081110064u_BRCA1c591_2neg_TAATGCGC-GTACTGAC_L001_R.txt	081110065t_BRCA1c591_1neg_R.txt	081110065t_BRCA1c591_2neg_CTGAAGCT-CAGGACGT_L001_R.txt	081110065u_BRCA1c591_1neg_R.txt	081110065u_BRCA1c591_2neg_CTGAAGCT-AGGCGAAG_L001_R.txt	081110066t_BRCA1c591_1neg_R.txt	081110066t_BRCA1c591_2neg_CTGAAGCT-GTACTGAC_L001_R.txt	081110066u_BRCA1c591_1neg_R.txt	081110066u_BRCA1c591_2neg_CTGAAGCT-TAATCTTA_L001_R.txt	990050355t_BRCA1c594_1_R.txt	990050355t_BRCA1c594_2_CTGAAGCT-GGCTCTGA_L001_R.txt	990050355u_BRCA1c594_1_R.txt	990050355u_BRCA1c594_2_CTGAAGCT-CCTATCCT_L001_R.txt
NC_000017.10	41247939	41249689	+	NM_007294	INTRON	0	0	0	0	0	0	0	0	0	0	0	0	0	0	0	0	0	0	0	0	0	0	0	0	0	41	0	0	0	0	0	0	0	0	0	0	0	0	0	0	0	0	0	0	0	0	0	0
NC_000017.10	41228631	41234420	-	NM_007300	INTRON	0	5271	0	2734	0	2938	0	7	0	3298	0	4289	0	4308	0	5198	0	2797	0	3903	0	4582	0	4951	0	3599	0	3232	0	3565	0	2577	0	4019	0	2338	0	3614	0	4107	0	2777	0	3726	0	4254	0	5573
NC_000017.10	41242983	41251845	-	NM_007294	INTRON	0	0	0	0	0	0	0	0	0	0	0	0	0	0	0	1	0	0	0	0	0	0	0	0	0	0	0	0	0	0	0	0	0	0	0	0	0	0	0	0	0	0	0	0	0	0	0	0
NC_000017.10	41196522	41243018	-	NM_007294	INTRON	0	0	0	0	0	0	0	0	0	0	0	0	0	0	0	0	0	0	0	0	0	0	0	26	0	0	0	0	0	0	0	0	0	0	0	0	0	0	0	0	0	0	0	0	0	0	0	0
NC_000017.10	41242988	41534762	+	NM_007294	INTRON	0	0	0	0	0	0	0	0	0	0	0	0	0	0	0	0	0	1	0	0	0	0	0	0	0	0	0	0	0	0	0	0	0	0	0	0	0	0	0	0	0	0	0	0	0	0	0	0
NC_000017.10	41243520	41247862	-	NM_007294	INTRON	0	51	0	2	0	0	0	0	0	0	0	0	0	0	0	0	0	0	0	0	0	0	0	0	0	0	0	0	0	0	0	17	0	0	0	0	0	0	0	0	0	0	0	0	0	10	0	0
NC_000017.10	41234503	41536210	+	NM_007294	INTRON	0	0	0	0	0	0	0	0	0	0	0	0	0	1	0	0	0	0	0	0	0	0	0	0	0	0	0	0	0	0	0	0	0	0	0	0	0	0	0	0	0	0	0	0	0	0	0	0
NC_000017.10	41228628	41231350	-	NM_007294	INTRON	0	125	0	0	0	87	0	0	0	9	0	82	0	50	0	40	0	43	0	41	0	38	0	2	0	16	0	0	0	96	0	5	0	27	0	1	0	8	0	21	0	12	0	0	0	20	0	45
NC_000017.10	41228543	41228586	-	NM_007298	INTRON	0	0	0	0	0	0	0	0	0	0	0	0	0	0	0	8	0	0	0	0	0	0	0	0	0	0	0	0	0	0	0	0	0	0	0	0	0	0	0	0	0	0	0	0	0	0	0	0
NC_000017.10	41243666	41246760	-	NM_007294	INTRON	0	0	0	0	0	0	0	0	0	0	0	8	0	15	0	0	0	34	0	6	0	0	0	37	0	0	0	0	0	10	0	0	0	3	0	0	0	0	0	21	0	0	0	0	0	21	0	21
NC_000017.10	41246768	41249299	+	NM_007294	INTRON	0	0	0	0	0	0	0	0	0	0	0	0	0	0	0	0	0	0	0	0	0	0	0	0	0	0	0	0	0	0	0	0	0	0	0	0	0	0	0	1	0	0	0	0	0	0	0	0
NC_000017.10	41249280	41330579	+	NM_007294	INTRON	0	0	0	0	0	0	0	0	0	0	0	0	0	0	0	0	0	0	0	0	1	0	0	0	0	0	0	0	0	0	0	0	0	0	0	0	0	0	0	0	0	0	0	0	0	0	0	0
NC_000017.10	41199720	41201137	+	NM_007294	INTRON	0	11	0	0	0	0	0	10	0	0	0	14	0	0	0	25	0	0	0	18	0	6	0	19	0	4	0	17	0	0	0	11	0	3	0	4	0	6	0	6	0	2	0	5	0	23	0	12
NC_000017.10	41234517	41291914	+	NM_007294	INTRON	0	0	0	0	0	0	0	0	0	0	0	0	0	0	0	0	0	0	0	0	0	1	0	0	0	0	0	0	0	0	0	0	0	0	0	0	0	0	0	0	0	0	0	0	0	0	0	0
NC_000017.10	41231416	41234420	+	NM_007300	INTRON	0	704	0	106	0	396	0	2	0	246	0	276	0	340	0	193	0	301	0	171	0	294	0	64	0	171	0	1	0	377	0	85	0	159	0	49	0	242	0	53	0	247	0	146	0	276	0	224
NC_000013.10	32900750	32903579	+	NM_000059	INTRON	6	0	0	0	2	0	0	0	0	0	2	0	1	0	0	0	2	0	1	0	8	0	4	0	0	0	3	0	0	0	0	0	2	0	2	0	0	0	3	0	0	0	2	0	0	0	0	0
NC_000017.10	41228628	41242960	-	NM_007294	INTRON	0	40	0	14	0	30	0	0	0	0	0	0	0	11	0	0	0	4	0	0	0	10	0	0	0	0	0	0	0	58	0	0	0	15	0	0	0	0	0	0	0	0	0	0	0	9	0	18
NC_000017.10	41243049	41249260	+	NM_007294	INTRON	0	1883	0	759	0	190	0	0	0	22	0	108	0	42	0	26	0	0	0	18	0	28	0	9	0	0	0	0	0	91	0	24	0	0	0	5	0	68	0	0	0	0	0	0	0	43	0	208
NC_000017.10	41247960	41249260	+	NM_007294	INTRON	0	17	0	10	0	0	0	0	0	1	16	1	1	8	14	36	44	20	0	5	0	4	0	0	0	0	0	0	14	0	13	0	0	0	0	0	0	0	0	13	16	0	0	0	37	12	11	36
NC_000017.10	41247924	41365979	-	NM_007294	INTRON	0	0	0	0	0	0	0	0	0	0	0	0	0	1	0	0	0	0	0	0	0	0	0	0	0	0	0	0	0	0	0	0	0	0	0	0	0	0	0	0	0	0	0	0	0	0	0	0
NC_000017.10	41234589	41247862	+	NM_007294	INTRON	0	14	0	0	0	10	0	0	0	0	0	0	0	0	0	0	0	49	0	0	0	0	0	0	0	0	0	0	0	0	0	0	0	0	0	0	0	0	0	0	0	0	0	0	0	0	0	0
NC_000017.10	41246877	41249260	+	NM_007294	INTRON	57	0	88	0	41	29	0	0	4	27	18	27	21	0	0	5	16	115	15	80	0	25	0	15	0	11	29	0	10	65	30	0	4	6	27	5	1	2	46	0	2	0	23	0	2388	1854	1132	963
NC_000017.10	41247872	41251803	+	NM_007294	INTRON	0	0	0	0	0	0	0	0	0	0	0	0	0	0	0	0	0	0	0	0	0	0	0	0	0	0	0	0	0	6	0	0	0	0	0	0	0	0	0	0	0	0	0	0	0	0	0	0
NC_000017.10	41243520	41246760	+	NM_007294	INTRON	0	0	0	0	0	0	0	0	0	0	0	0	0	19	0	0	0	0	0	0	0	0	0	0	0	48	0	0	0	13	0	0	0	0	0	0	0	0	0	23	0	0	0	0	0	5	0	1
NC_000017.10	41243049	41247862	+	NM_007294	INTRON	0	2559	0	1158	0	257	0	2	0	350	0	474	0	393	0	616	0	172	0	455	0	352	0	417	0	505	0	184	0	359	0	447	0	106	0	63	0	209	0	301	0	160	0	468	0	143	0	229
NC_000017.10	41246873	41482296	-	NM_007294	INTRON	0	0	0	0	0	0	0	0	0	0	0	0	0	0	0	0	0	1	0	0	0	0	0	0	0	0	0	0	0	0	0	0	0	0	0	0	0	0	0	0	0	0	0	0	0	0	0	0
NC_000017.10	41234449	41249282	-	NM_007294	INTRON	0	0	0	0	0	0	0	0	0	0	0	0	0	0	0	0	0	0	0	0	0	0	0	0	0	0	0	0	0	0	0	0	0	0	0	0	0	0	0	2	0	0	0	0	0	0	0	0
NC_000017.10	41243520	41246757	+	NM_007294	INTRON	0	0	0	0	0	0	0	0	0	0	0	0	0	0	0	0	0	0	0	0	0	0	0	0	0	0	0	0	0	0	0	0	0	0	0	0	0	0	0	0	0	0	0	14	0	0	0	0
NC_000017.10	41229099	41231350	+	NM_007300	INTRON	0	0	0	0	0	0	0	0	0	0	0	0	0	0	0	0	0	28	0	0	0	0	0	0	0	0	0	0	0	0	0	0	0	0	0	0	0	11	0	0	0	0	0	0	0	0	0	0
NC_000017.10	41234511	41234543	+	NM_007294	INTRON	0	0	0	0	0	0	0	0	0	0	0	0	0	0	0	0	0	0	0	0	0	0	0	2	0	0	0	0	0	0	0	0	0	0	0	0	0	0	0	0	0	0	0	0	0	0	0	0
NC_000017.10	41246874	41251791	-	NM_007294	INTRON	0	0	0	0	0	0	0	0	0	0	0	0	0	0	0	0	0	0	0	4	0	0	0	0	0	0	0	0	0	0	0	0	0	0	0	0	0	0	0	0	0	0	0	0	0	0	0	0
NC_000013.10	32900750	32903579	-	NM_000059	INTRON	0	0	0	0	1	0	0	0	4	0	2	0	0	0	0	0	0	0	2	0	0	0	2	0	1	0	0	0	1	0	0	0	3	0	0	0	0	0	0	0	4	0	2	0	1	0	0	0
NC_000017.10	41243650	41247862	-	NM_007294	INTRON	0	373	0	90	0	21	0	0	0	0	0	0	0	0	0	0	0	0	0	0	0	0	0	0	0	0	0	0	0	0	0	0	0	0	0	0	0	0	0	0	0	0	0	0	0	0	0	66
NC_000017.10	41246877	41247863	+	NM_007294	INTRON	0	0	0	0	0	0	0	0	0	0	0	0	0	0	0	0	0	0	0	0	0	0	0	0	0	0	0	0	0	0	0	2	0	0	0	0	0	0	5	0	0	0	0	0	0	0	0	0
NC_000017.10	41231416	41242960	+	NM_007294	INTRON	0	0	0	0	0	0	0	0	0	0	0	0	0	0	0	0	0	39	0	0	0	0	0	0	0	0	0	0	0	0	0	0	0	0	0	0	0	0	0	0	0	0	0	0	0	17	0	0
NC_000017.10	41234428	41234567	-	NM_007294	INTRON	0	0	0	0	0	0	0	0	0	0	0	0	0	0	0	0	0	0	0	0	0	0	0	0	0	0	0	0	0	2	0	0	0	0	0	0	0	0	0	0	0	0	0	0	0	0	0	0
NC_000017.10	41234469	41478531	-	NM_007294	INTRON	0	0	0	0	0	0	0	0	0	0	0	0	0	0	0	0	0	0	0	1	0	0	0	0	0	0	0	0	0	0	0	0	0	0	0	0	0	0	0	0	0	0	0	0	0	0	0	0
NC_000017.10	41197819	41201137	+	NM_007294	INTRON	0	0	0	0	0	2	0	0	0	0	0	2	0	0	0	0	0	0	0	0	0	0	0	0	0	0	0	0	0	0	0	0	0	0	0	0	0	0	0	0	0	0	0	0	0	0	0	0
NC_000017.10	41197826	41199659	-	NM_007294	INTRON	0	0	0	0	0	0	0	2	0	0	0	0	0	0	0	0	0	0	0	0	0	0	0	0	0	0	0	0	0	0	0	0	0	0	0	0	0	0	0	0	0	0	0	0	0	0	0	0
NC_000017.10	41247973	41249260	-	NM_007294	INTRON	0	0	0	0	0	0	0	0	0	0	0	0	0	12	0	0	0	0	0	0	0	0	0	0	0	0	0	0	0	0	0	0	0	0	0	0	0	0	0	0	0	0	0	0	0	0	0	0
NC_000017.10	41243666	41246823	+	NM_007294	INTRON	0	0	0	0	0	0	0	0	0	0	0	0	0	13	0	0	0	0	0	0	0	0	0	0	0	0	0	0	0	0	0	0	0	0	0	0	0	0	0	0	0	0	0	0	0	0	0	0
NC_000017.10	41234592	41246760	-	NM_007294	INTRON	0	0	0	0	0	0	0	0	0	0	0	0	0	12	0	0	0	0	0	0	0	0	0	0	0	0	0	0	0	0	0	0	0	0	0	0	0	12	0	0	0	0	0	0	0	0	0	0
NC_000017.10	41234592	41249260	-	NM_007294	INTRON	0	131	0	19	0	17	0	0	0	3	0	0	0	35	0	0	0	0	0	19	0	25	0	20	0	0	0	0	0	57	0	0	0	0	0	9	0	0	0	98	0	0	0	0	0	70	0	0
NC_000017.10	41243650	41249260	-	NM_007294	INTRON	0	164	0	66	0	0	0	0	0	0	0	0	0	0	0	0	0	0	0	0	0	4	0	0	0	0	0	0	0	0	0	0	0	8	0	0	0	0	0	0	0	0	0	0	0	63	0	0
NC_000017.10	41246878	41522867	+	NM_007294	INTRON	0	0	0	0	0	0	0	0	0	0	0	0	0	0	0	0	0	0	0	0	0	0	0	0	0	0	0	0	0	0	0	0	0	0	0	0	0	0	0	0	0	1	0	0	0	0	0	0
NC_000017.10	41243650	41246768	-	NM_007294	INTRON	0	0	0	0	0	0	0	0	0	0	0	0	0	0	0	0	0	6	0	0	0	0	0	0	0	0	0	0	0	0	0	0	0	0	0	0	0	0	0	0	0	0	0	0	0	3	0	0
NC_000017.10	41228558	41247921	+	NM_007298	INTRON	0	0	0	0	0	0	0	0	0	0	0	0	0	0	0	0	0	0	0	0	0	0	0	0	0	28	0	0	0	0	0	0	0	0	0	0	0	0	0	0	0	0	0	0	0	0	0	0
NC_000017.10	41199720	41203079	-	NM_007294	INTRON	0	0	0	0	0	0	0	0	0	0	0	0	0	0	0	0	0	0	0	0	0	0	0	0	0	0	0	2	0	0	0	0	0	0	0	0	0	0	0	0	0	0	0	0	0	0	0	0
NC_000017.10	41243520	41246530	-	NM_007294	INTRON	0	0	0	0	0	0	0	0	0	0	0	0	0	0	0	3	0	0	0	0	0	0	0	0	0	0	0	0	0	0	0	0	0	0	0	0	0	0	0	0	0	0	0	0	0	0	0	0
NC_000017.10	41243048	41246761	-	NM_007294	INTRON	0	0	0	18	0	0	0	0	0	0	0	0	0	0	0	0	0	0	0	0	0	0	0	0	0	0	0	0	0	0	0	0	0	0	0	0	0	0	0	0	0	0	0	0	0	0	0	0
NC_000017.10	41249744	41251791	-	NR_027676	INTRON	19	0	0	0	0	0	0	0	0	0	8	0	4	0	0	0	0	3	0	0	0	13	0	0	0	42	0	0	1	0	0	0	0	0	0	0	0	0	0	0	0	0	0	0	0	12	0	0
NC_000017.10	41243048	41247862	+	NM_007294	INTRON	0	0	0	12	0	0	0	0	0	0	0	0	0	0	0	0	0	0	0	0	0	0	0	0	0	0	0	0	0	0	0	0	0	0	0	0	0	0	0	0	0	0	0	0	0	0	0	0
NC_000017.10	41243049	41246530	+	NM_007294	INTRON	0	0	0	0	0	0	0	0	0	0	0	0	0	0	0	0	0	0	0	0	0	1	0	0	0	0	0	0	0	0	0	0	0	0	0	0	0	0	0	0	0	0	0	0	0	0	0	0
NC_000017.10	41228623	41234501	-	NM_007298	INTRON	0	0	0	0	0	0	0	0	0	0	0	2	0	0	0	0	0	0	0	0	0	0	0	0	0	0	0	0	0	0	0	0	0	0	0	0	0	0	0	0	0	0	0	0	0	0	0	0
NC_000017.10	41228536	41228558	-	NM_007298	INTRON	0	0	0	0	0	0	0	0	0	0	0	0	0	0	0	0	0	15	0	0	0	0	0	0	0	0	0	0	0	0	0	0	0	0	0	0	0	0	0	0	0	0	0	0	0	0	0	0
NC_000017.10	41234589	41251791	-	NM_007294	INTRON	0	4	0	0	0	0	0	0	0	0	0	0	0	0	0	0	0	0	0	0	0	0	0	0	0	0	0	0	0	0	0	0	0	0	0	0	0	0	0	0	0	0	0	0	0	0	0	0
NC_000017.10	41250300	41251791	-	NR_027676	INTRON	0	0	0	0	0	0	0	0	0	0	0	0	0	0	0	0	0	0	0	0	0	0	0	0	0	0	0	4	0	0	0	0	0	0	0	0	0	0	0	0	0	0	0	0	0	0	0	5
NC_000017.10	41234589	41242960	+	NM_007294	INTRON	0	738	0	488	0	445	0	1	0	547	0	465	0	770	0	877	0	353	0	714	0	564	0	590	0	614	0	656	0	477	0	454	0	485	0	355	0	432	0	523	0	381	0	633	0	537	0	841
NC_000017.10	41229099	41251791	-	NM_007300	INTRON	0	0	0	0	0	17	0	0	0	0	0	0	0	0	0	0	0	0	0	0	0	0	0	0	0	0	0	0	0	0	0	0	0	0	0	0	0	0	0	0	0	0	0	0	0	0	0	0
NC_000017.10	41246877	41247862	-	NM_007294	INTRON	6961	296	6431	261	3333	1871	2791	5	5875	3095	3453	2723	6211	4014	3067	4662	7783	3653	3463	3326	5251	4434	3456	3698	4846	3908	3533	2051	4751	3393	3966	1403	2825	2059	2596	1081	4533	3298	4409	2098	4210	3052	4932	2395	3907	1856	3478	2126
NC_000017.10	41234526	41251852	-	NM_007294	INTRON	0	0	0	0	0	0	0	0	0	0	0	0	0	0	0	0	0	0	0	2	0	0	0	0	0	0	0	0	0	0	0	0	0	0	0	0	0	0	0	0	0	0	0	0	0	0	0	0
NC_000017.10	41234535	41246153	+	NM_007294	INTRON	0	0	0	0	0	0	0	0	0	0	0	0	0	0	0	0	0	0	0	0	0	0	0	0	0	0	0	0	0	0	0	24	0	0	0	0	0	0	0	0	0	0	0	0	0	0	0	0
NC_000017.10	41247891	41395084	-	NM_007294	INTRON	0	0	0	0	0	0	0	0	0	0	0	0	0	0	0	0	1	0	0	0	0	0	0	0	0	0	0	0	0	0	1	0	0	0	0	1	0	0	0	0	0	0	0	0	0	0	0	0
NC_000017.10	41247939	41248463	+	NM_007294	INTRON	0	13	0	0	0	0	0	0	0	0	0	0	0	0	0	0	0	0	0	0	0	0	0	0	0	0	0	0	0	0	0	0	0	0	0	0	0	0	0	0	0	0	0	0	0	0	0	0
NC_000017.10	41249320	41251790	+	NR_027676	INTRON	0	0	0	0	0	0	0	0	0	0	0	0	0	0	0	0	11	0	0	0	0	0	0	0	0	0	0	0	0	0	0	0	0	0	0	0	0	0	0	0	0	30	0	0	0	0	0	0
NC_000017.10	41243666	41247862	-	NM_007294	INTRON	0	273	0	47	0	57	0	0	0	0	0	0	0	7	0	0	0	0	0	9	0	0	0	0	0	0	0	0	0	0	0	0	0	0	0	0	0	0	0	0	0	0	0	0	0	0	0	0
NC_000017.10	41234515	41234551	+	NM_007294	INTRON	0	0	0	0	0	0	0	0	0	0	0	0	0	0	0	0	0	0	0	0	0	0	0	8	0	0	0	0	0	0	0	0	0	0	0	0	0	0	0	0	0	0	0	0	0	0	0	0
NC_000017.10	41234591	41242960	+	NM_007294	INTRON	0	0	0	0	0	0	0	0	0	0	0	0	0	0	0	0	0	0	0	0	0	0	0	0	0	0	0	0	0	0	0	0	0	0	0	0	0	0	0	4	0	0	0	0	0	0	0	0
NC_000017.10	41242966	41430687	+	NM_007294	INTRON	0	0	0	0	0	0	0	0	0	0	0	0	0	0	0	0	0	0	0	1	0	0	0	0	0	0	0	0	0	0	0	0	0	0	0	0	0	0	0	0	0	0	0	0	0	0	0	0
NC_000017.10	41243049	41246760	-	NM_007294	INTRON	1	636	0	511	0	3874	0	12	0	5433	0	6795	0	6224	0	8176	0	5935	0	6909	7	6920	0	7380	0	5576	0	4671	0	5657	4	3531	0	6500	0	3720	0	5380	0	6415	0	4684	0	5819	0	7057	0	9004
NC_000017.10	41234570	41251825	-	NM_007294	INTRON	0	0	0	0	0	0	0	0	0	0	0	0	0	0	0	0	0	14	0	0	0	0	0	0	0	0	0	0	0	0	0	0	0	0	0	0	0	0	0	0	0	0	0	0	0	0	0	0
NC_000017.10	41201211	41203079	-	NM_007294	INTRON	0	6	0	2	0	6	0	20	0	2	0	8	0	4	0	24	0	0	0	13	0	0	0	15	0	0	0	8	0	4	0	12	0	2	0	4	0	15	0	7	0	16	0	15	0	19	0	11
NC_000017.10	41247960	41251791	+	NM_007294	INTRON	0	0	0	0	0	0	0	0	0	0	0	0	0	0	0	0	0	0	0	0	0	0	0	0	0	0	0	0	0	0	0	0	0	0	0	0	0	0	0	0	9	0	0	0	0	0	0	0
NC_000017.10	41247939	41249509	-	NM_007294	INTRON	0	0	0	0	0	0	0	0	0	0	0	0	0	0	0	0	0	0	0	0	0	0	0	0	0	0	0	0	0	0	0	0	0	0	0	0	0	0	0	0	19	13	0	0	0	18	0	6
NC_000017.10	41243666	41251791	-	NM_007294	INTRON	0	0	0	0	0	0	0	0	0	0	0	0	0	0	0	0	0	0	0	0	0	0	0	0	0	1	0	0	0	0	0	0	0	0	0	4	0	0	0	5	0	0	0	0	0	0	0	0
NC_000017.10	41228631	41229020	-	NM_007294	INTRON	0	0	0	0	0	0	0	0	0	0	0	0	0	0	0	0	0	20	0	0	0	14	0	0	0	0	0	0	0	0	0	0	0	0	0	0	0	5	0	0	0	34	0	0	0	0	0	0
NC_000017.10	41234535	41246153	-	NM_007294	INTRON	0	0	0	0	0	0	0	0	0	0	0	0	0	0	0	0	0	0	0	0	0	0	0	0	0	0	0	0	0	0	0	26	0	0	0	0	0	0	0	0	0	0	0	0	0	0	0	0
NC_000017.10	41234561	41234582	-	NM_007294	INTRON	0	0	0	0	0	0	0	0	0	0	0	0	0	0	0	0	0	1	0	0	0	0	0	0	0	0	0	0	0	0	0	0	0	0	0	0	0	0	0	0	0	0	0	0	0	0	0	0
NC_000017.10	41242370	41246760	-	NM_007294	INTRON	0	0	0	0	0	0	0	0	0	0	0	0	0	0	0	0	0	0	0	0	0	2	0	0	0	0	0	0	0	0	0	0	0	0	0	0	0	0	0	0	0	0	0	0	0	0	0	0
NC_000017.10	41243049	41243451	-	NM_007294	INTRON	0	1249	0	540	0	124	0	0	0	96	0	30	0	108	0	130	0	127	0	81	0	25	0	36	0	101	0	1	0	168	0	25	0	41	0	7	0	42	0	91	0	67	0	71	0	296	0	174
NC_000017.10	41226538	41228504	-	NM_007294	INTRON	0	1948	0	1084	0	1214	0	5	0	1276	0	1602	0	1529	0	2040	0	1175	0	1537	0	1659	0	1743	0	1528	0	1227	0	1377	0	992	0	1500	0	902	0	1268	0	1630	0	1130	0	1567	0	1552	0	2206
NC_000017.10	41247909	41414777	+	NM_007294	INTRON	0	0	0	0	0	0	0	0	0	0	0	0	0	0	0	0	0	0	0	0	0	0	0	0	0	0	0	0	0	0	0	0	0	0	0	0	0	0	0	0	0	0	0	0	1	0	0	0
NC_000017.10	41243666	41246768	-	NM_007294	INTRON	0	0	0	0	0	0	0	0	0	0	0	15	0	0	0	0	0	0	0	0	0	0	0	0	0	0	0	0	0	0	0	0	0	0	0	0	0	0	0	0	0	0	0	0	0	0	0	0
NC_000017.10	41243666	41246760	+	NM_007294	INTRON	0	0	0	0	0	0	0	0	0	0	0	14	0	18	0	0	0	31	0	24	0	0	0	40	0	0	0	0	0	26	0	0	0	6	0	1	0	0	0	16	0	0	0	0	0	12	0	24
NC_000017.10	41246785	41312484	+	NM_007294	INTRON	0	0	0	0	0	0	0	0	0	1	0	0	0	0	0	0	0	0	0	0	0	0	0	0	0	0	0	0	0	0	0	0	0	0	0	0	0	0	0	0	0	0	0	0	0	0	0	0
NC_000017.10	41243520	41246823	-	NM_007294	INTRON	0	0	0	0	0	0	0	0	0	0	0	0	0	0	0	0	0	0	0	0	0	0	0	0	0	0	0	0	0	0	0	0	0	0	0	0	0	0	0	0	0	18	0	0	0	0	0	0
NC_000017.10	41247930	41498850	-	NM_007294	INTRON	0	0	0	0	0	0	0	0	1	0	0	0	0	0	0	0	0	0	0	0	0	0	0	0	0	0	0	0	2	0	0	0	0	0	0	0	0	0	0	0	0	0	0	0	0	0	1	0
NC_000017.10	41243048	41246761	+	NM_007294	INTRON	0	0	0	10	0	0	0	0	0	0	0	0	0	0	0	0	0	0	0	0	0	1	0	0	0	0	0	0	0	0	0	0	0	0	0	0	0	0	0	0	0	0	0	0	0	0	0	0
NC_000017.10	41247973	41249260	+	NM_007294	INTRON	0	0	0	0	0	0	0	0	0	0	0	0	0	14	0	0	0	0	0	0	0	0	0	0	0	0	0	0	0	0	0	0	0	0	0	0	0	0	0	0	0	0	0	0	0	0	0	0
NC_000017.10	41242973	41243012	+	NM_007294	INTRON	0	0	0	0	0	0	0	0	0	0	0	0	0	0	0	0	0	0	0	0	0	0	0	0	0	0	0	0	0	0	0	0	0	0	0	0	0	0	0	23	0	0	0	0	0	0	0	0
NC_000017.10	41247918	41317610	+	NM_007294	INTRON	0	0	0	0	0	0	0	0	0	0	0	0	0	0	0	0	0	0	0	0	0	0	0	0	0	1	0	0	0	0	0	0	0	0	0	0	0	0	0	0	0	0	0	0	0	0	0	0
NC_000017.10	41247939	41249260	+	NM_007294	INTRON	6305	3110	5402	1393	2575	1798	2206	6	5028	2782	2967	2726	4978	3517	2263	4221	6197	3053	2778	3202	4160	3593	2885	3248	3723	3272	2874	1547	3909	2955	2958	1503	1743	1336	1621	918	3740	2807	3370	1955	3296	2505	4054	2316	3019	1606	2827	2018
NC_000017.10	41243040	41246761	-	NM_007294	INTRON	0	0	0	0	0	0	0	0	0	0	0	0	0	0	0	0	0	0	0	0	0	0	0	0	0	0	0	0	0	0	0	0	0	12	0	0	0	0	0	0	0	0	0	0	0	0	0	0
NC_000017.10	41197819	41203079	+	NM_007294	INTRON	0	0	0	0	0	0	0	0	0	0	0	0	0	0	0	0	0	0	0	0	0	0	0	0	0	0	0	2	0	0	0	0	0	0	0	0	0	0	0	0	0	0	0	0	0	0	0	0
NC_000017.10	41246877	41249509	-	NM_007294	INTRON	0	0	0	0	0	0	0	0	0	0	0	0	0	0	0	0	0	0	0	0	0	0	0	0	0	0	0	0	0	0	0	0	0	0	0	0	0	0	0	0	0	0	0	0	4	8	25	0
NC_000017.10	41249306	41251791	-	NM_007294	INTRON	4029	4020	3572	1722	1714	1272	1492	5	3251	2032	1884	1880	3337	2400	1641	3201	4065	2232	1866	2407	2741	2516	1783	2311	2565	2361	1764	1122	2586	2375	2042	1130	1238	1072	1084	686	2375	1927	2278	1472	2242	1781	2665	1572	3626	2560	2656	2127
NC_000017.10	41234432	41251832	-	NM_007294	INTRON	0	2	0	0	0	0	0	0	0	0	0	0	0	0	0	0	0	0	0	0	0	0	0	0	0	0	0	0	0	0	0	0	0	12	0	0	0	0	0	0	0	0	0	0	0	0	0	0
NC_000013.10	32900419	32900635	+	NM_000059	INTRON	0	0	0	0	1	0	0	0	6	0	2	0	2	0	0	0	0	0	3	0	9	0	2	0	4	0	4	0	0	0	0	0	3	0	2	0	2	0	2	0	0	0	4	0	0	0	0	0
NC_000017.10	41249744	41251791	+	NR_027676	INTRON	29	0	0	0	0	0	0	0	0	0	13	0	4	5	0	0	0	5	0	0	0	6	0	0	0	29	0	0	0	0	0	0	0	0	0	0	0	0	0	0	0	0	0	0	0	12	0	0
NC_000017.10	41234592	41251791	-	NM_007294	INTRON	0	22	0	0	0	14	0	0	0	30	0	7	0	12	0	67	0	0	0	0	0	0	0	0	0	0	0	0	0	0	0	23	0	60	0	40	0	7	0	32	0	13	0	39	0	67	0	0
NC_000017.10	41247935	41249257	+	NM_007294	INTRON	0	0	0	0	0	0	0	0	0	0	0	0	0	1	0	0	0	0	0	0	0	0	0	0	0	0	0	0	0	0	0	0	0	0	0	0	0	0	0	0	0	0	0	0	0	0	0	0
NC_000017.10	41234515	41366520	-	NM_007294	INTRON	0	0	0	0	0	0	0	0	0	0	0	0	0	0	0	0	0	0	0	0	0	0	0	0	0	0	0	0	0	0	0	0	0	0	0	0	0	0	0	0	0	0	0	1	0	0	0	0
NC_000017.10	41246883	41251791	+	NM_007294	INTRON	0	0	0	0	0	0	0	0	0	0	0	0	0	0	0	0	0	0	0	0	0	0	0	0	16	0	0	0	0	0	0	0	0	0	0	0	0	0	0	0	0	0	0	0	0	0	0	0
NC_000017.10	41247899	41247923	-	NM_007294	INTRON	0	0	0	0	0	0	0	0	0	1	0	0	0	0	0	0	0	0	0	0	0	0	0	0	0	0	0	0	0	0	0	0	0	0	0	0	0	0	0	0	0	0	0	0	0	0	0	0
NC_000017.10	41243645	41249260	+	NM_007294	INTRON	0	30	0	0	0	0	0	0	0	0	0	0	0	0	0	0	0	0	0	0	0	0	0	0	0	0	0	0	0	0	0	0	0	0	0	0	0	0	0	0	0	0	0	0	0	0	0	0
NC_000017.10	41234592	41242251	-	NM_007294	INTRON	0	0	0	0	0	0	0	0	0	0	0	0	0	0	0	0	0	8	0	0	0	2	0	43	0	0	0	3	0	1	0	0	0	17	0	0	0	0	0	0	0	0	0	0	0	2	0	0
NC_000017.10	41247930	41251849	-	NM_007294	INTRON	0	0	0	0	0	0	0	0	0	0	0	0	0	0	0	0	0	0	0	0	0	0	0	0	0	0	0	0	0	0	0	0	0	0	0	0	0	0	0	2	0	0	0	0	0	0	0	0
NC_000017.10	41247960	41251791	-	NM_007294	INTRON	0	0	0	0	0	0	0	0	0	0	0	0	0	0	0	0	0	0	0	0	0	0	0	0	0	0	0	0	0	0	0	0	0	0	0	0	0	0	0	0	17	0	0	0	0	0	0	0
NC_000017.10	41243049	41247861	-	NM_007294	INTRON	0	0	0	0	0	0	0	0	0	0	0	11	0	0	0	0	0	0	0	0	0	0	0	0	0	0	0	0	0	0	0	0	0	0	0	0	0	0	0	0	0	0	0	0	0	0	0	0
NC_000017.10	41242370	41242960	-	NM_007294	INTRON	0	0	0	67	0	0	0	0	0	0	0	21	0	2	0	0	0	6	0	0	0	1	0	93	0	0	0	4	0	51	0	0	0	17	0	0	0	0	0	0	0	0	0	0	0	18	0	44
NC_000017.10	41228601	41234420	+	NM_007298	INTRON	0	0	0	0	0	0	0	0	0	0	0	0	0	0	0	0	0	17	0	0	0	0	0	0	0	0	0	0	0	0	0	0	0	0	0	0	0	0	0	0	0	0	0	0	0	0	0	0
NC_000017.10	41246790	41394208	-	NM_007294	INTRON	0	0	0	0	0	0	0	0	0	0	0	0	0	0	0	0	0	0	0	0	0	0	0	0	0	0	0	0	0	0	0	0	0	0	0	0	0	0	0	0	0	1	0	0	0	0	0	0
NC_000017.10	41234589	41249260	-	NM_007294	INTRON	0	0	0	0	0	0	0	0	0	21	0	0	0	0	0	0	0	0	0	0	0	0	0	0	0	0	0	51	0	0	0	33	0	0	0	0	0	0	0	0	0	0	0	0	0	0	0	0
NC_000017.10	41248627	41249260	-	NM_007294	INTRON	0	6	0	0	0	0	0	0	0	0	0	0	0	0	0	0	0	0	0	0	0	0	0	0	0	0	0	0	0	0	0	0	0	0	0	0	0	0	0	0	0	0	0	0	0	0	0	0
NC_000017.10	41197819	41201137	-	NM_007294	INTRON	0	0	0	2	0	0	0	0	0	1	0	0	0	0	0	0	0	0	0	0	0	0	0	0	0	0	0	0	0	0	0	0	0	0	0	0	0	0	0	0	0	0	0	0	0	0	0	0
NC_000017.10	41251878	41312812	+	NR_027676	INTRON	0	0	0	0	0	0	0	0	0	0	0	0	0	0	0	0	0	0	0	0	0	0	0	0	0	0	0	0	0	0	0	0	0	0	0	0	0	0	0	0	0	0	0	0	0	0	0	1
NC_000017.10	41243049	41246530	-	NM_007294	INTRON	0	0	0	0	0	0	0	0	0	0	0	0	0	0	0	0	0	0	0	0	0	1	0	0	0	0	0	0	0	0	0	0	0	0	0	0	0	0	0	0	0	0	0	0	0	0	0	0
NC_000017.10	41249603	41251791	+	NR_027676	INTRON	0	0	0	0	0	0	0	0	4	0	0	22	0	0	27	0	10	0	0	0	0	0	0	0	0	0	0	0	0	0	0	0	0	0	0	0	0	0	0	0	25	15	0	0	0	9	0	0
NC_000017.10	41199720	41201137	-	NM_007294	INTRON	0	4	0	0	0	4	0	21	0	0	0	8	0	5	0	24	0	2	0	16	0	0	0	13	0	0	0	4	0	4	0	12	0	2	0	3	0	15	0	5	0	18	0	14	0	20	0	10
NC_000017.10	41243666	41251791	+	NM_007294	INTRON	0	0	0	0	0	0	0	0	0	0	0	0	0	0	0	0	0	0	0	0	0	0	0	0	0	0	0	0	0	0	0	0	0	0	0	2	0	0	0	4	0	0	0	0	0	0	0	0
NC_000017.10	41243049	41251791	-	NM_007294	INTRON	0	1839	0	1437	0	551	0	0	0	106	0	303	0	126	0	181	0	152	0	152	0	130	0	125	0	131	0	289	0	197	0	285	0	35	0	117	0	69	0	251	0	127	0	378	0	243	0	251
NC_000017.10	41228587	41234420	-	NM_007298	INTRON	0	0	0	0	0	0	0	0	0	0	0	0	0	0	0	0	0	0	0	0	0	0	0	0	0	0	0	0	0	0	0	8	0	0	0	0	0	1	0	0	0	0	0	0	0	0	0	0
NC_000017.10	41234592	41249260	+	NM_007294	INTRON	0	134	0	20	0	21	0	0	0	13	0	0	0	16	0	0	0	0	0	24	0	24	0	16	0	0	0	0	0	82	0	0	0	0	0	10	0	0	0	139	0	0	0	0	0	94	0	0
NC_000017.10	41246877	41247863	-	NM_007294	INTRON	2	0	0	0	0	0	0	0	0	0	0	0	0	0	0	0	0	0	0	0	0	0	0	0	0	0	0	0	0	2	0	0	0	0	0	0	0	0	9	0	0	0	0	0	0	0	0	0
NC_000017.10	41243650	41251791	-	NM_007294	INTRON	0	23	0	27	0	0	0	0	0	0	0	0	0	0	0	0	0	0	0	0	0	0	0	0	0	0	0	0	0	0	0	0	0	0	0	0	0	0	0	0	0	0	0	0	0	2	0	4
NC_000017.10	41246859	41283454	+	NM_007294	INTRON	0	0	0	1	0	0	0	0	0	0	0	0	0	0	0	0	0	0	0	0	0	0	0	0	0	0	0	0	0	0	0	0	0	0	0	0	0	0	0	0	0	0	0	0	0	0	0	0
NC_000017.10	41243051	41258268	-	NM_007294	INTRON	0	0	0	0	0	0	0	0	0	0	0	2	0	0	0	0	0	0	0	0	0	0	0	0	0	0	0	0	0	0	0	0	0	0	0	0	0	0	0	0	0	0	0	0	0	0	0	0
NC_000017.10	41244156	41246760	-	NM_007294	INTRON	0	0	0	0	0	0	0	0	0	0	0	0	0	0	0	0	0	0	0	0	0	0	0	0	0	0	0	0	0	0	0	0	0	0	0	0	0	0	0	0	0	0	0	0	0	9	0	0
NC_000017.10	41243021	41477578	+	NM_007294	INTRON	0	0	0	1	0	0	0	0	0	0	0	0	0	0	0	0	0	0	0	0	0	0	0	0	0	0	0	0	0	0	0	0	0	0	0	0	0	0	0	0	0	0	0	0	0	0	0	0
NC_000017.10	41203134	41209068	-	NM_007294	INTRON	0	5	0	1	0	6	0	14	0	2	0	4	0	3	0	16	0	0	0	8	0	0	0	10	0	0	0	9	0	4	0	8	0	0	0	4	0	12	0	5	0	11	0	12	0	11	0	3
NC_000017.10	41228631	41242960	+	NM_007300	INTRON	0	151	0	138	0	0	0	0	0	72	0	5	0	28	0	61	0	56	0	78	0	4	0	0	0	109	0	43	0	37	0	0	0	0	0	0	0	0	0	35	0	0	0	18	0	145	0	0
NC_000017.10	41243666	41249260	-	NM_007294	INTRON	0	54	0	140	0	3	0	0	0	0	0	0	0	0	0	27	0	0	0	0	0	0	0	0	0	0	0	0	0	0	0	0	0	0	0	0	0	0	0	0	0	0	0	0	0	0	0	0
NC_000017.10	41249320	41251790	-	NR_027676	INTRON	0	0	0	0	0	0	0	0	0	0	0	0	0	0	0	0	14	0	0	0	0	0	0	0	0	0	0	0	0	0	0	0	0	0	0	0	0	0	0	0	0	13	0	0	0	0	0	0
NC_000017.10	41243040	41246760	-	NM_007294	INTRON	0	0	0	0	0	0	0	0	0	0	0	0	0	0	0	0	0	0	0	0	0	0	0	0	0	0	0	0	0	0	0	0	0	15	0	0	0	0	0	0	0	0	0	0	0	0	0	0
NC_000017.10	41228562	41234538	+	NM_007298	INTRON	0	0	0	0	0	0	0	0	0	0	0	0	0	0	0	0	0	0	0	0	0	0	0	0	0	0	0	0	0	1	0	0	0	0	0	0	0	0	0	0	0	0	0	0	0	0	0	0
NC_000017.10	41234568	41242962	-	NM_007294	INTRON	0	0	0	0	0	0	0	0	0	0	0	0	0	0	0	0	0	0	0	0	0	0	0	0	0	34	0	0	0	0	0	0	0	0	0	0	0	0	0	0	0	0	0	0	0	0	0	0
NC_000017.10	41228628	41229020	-	NM_007294	INTRON	0	0	0	0	0	30	0	0	0	0	0	0	0	0	0	0	0	0	0	0	0	0	0	0	0	0	0	0	0	0	0	0	0	0	0	0	0	0	0	0	0	0	0	0	0	0	0	0
NC_000017.10	41247937	41249260	-	NM_007294	INTRON	0	0	0	0	0	0	0	0	0	0	0	0	0	0	0	0	0	0	0	0	0	0	0	0	0	0	0	0	0	0	0	0	0	0	0	0	0	0	27	0	0	0	0	0	0	0	0	0
NC_000017.10	41228607	41246765	-	NM_007298	INTRON	0	0	0	0	0	0	0	0	0	0	0	0	0	0	0	2	0	0	0	0	0	0	0	0	0	0	0	0	0	0	0	0	0	0	0	0	0	0	0	0	0	0	0	0	0	0	0	0
NC_000017.10	41249304	41489153	+	NM_007294	INTRON	0	0	0	0	0	0	0	0	1	0	1	0	0	0	0	0	0	0	0	0	0	0	0	0	0	0	0	0	0	0	0	0	0	0	0	0	0	0	0	0	0	0	0	0	0	0	0	0
NC_000017.10	41243032	41470455	+	NM_007294	INTRON	0	0	0	0	0	0	0	0	0	0	0	0	0	0	0	0	0	0	0	0	0	0	0	0	0	0	0	0	0	0	0	0	0	2	0	0	0	0	0	0	0	0	0	0	0	0	0	0
NC_000017.10	41246877	41249509	+	NM_007294	INTRON	0	0	0	0	0	0	0	0	0	0	0	0	0	0	0	0	0	0	0	0	0	0	0	0	0	0	0	0	0	0	0	0	0	0	0	0	0	0	0	0	0	0	0	0	2	16	28	0
NC_000017.10	41243040	41246761	+	NM_007294	INTRON	0	0	0	0	0	0	0	0	0	0	0	0	0	0	0	0	0	0	0	0	0	0	0	0	0	0	0	0	0	0	0	0	0	3	0	0	0	0	0	0	0	0	0	0	0	0	0	0
NC_000017.10	41228614	41231350	-	NM_007298	INTRON	0	0	0	0	0	0	0	0	0	0	0	0	0	0	0	0	0	14	0	0	0	0	0	0	0	0	0	0	0	0	0	0	0	0	0	0	0	0	0	0	0	0	0	0	0	0	0	0
NC_000017.10	41247918	41253619	-	NM_007294	INTRON	0	0	0	0	0	0	1	0	0	0	0	0	0	0	0	0	0	0	0	0	0	0	0	0	0	0	0	0	0	0	0	0	0	0	0	0	0	0	0	0	0	0	0	0	0	0	0	0
NC_000017.10	41243666	41249260	+	NM_007294	INTRON	0	48	0	108	0	3	0	0	0	0	0	0	0	0	0	19	0	0	0	0	0	0	0	0	0	0	0	0	0	0	0	0	0	0	0	0	0	0	0	0	0	0	0	0	0	0	0	0
NC_000017.10	41243520	41247862	+	NM_007294	INTRON	0	52	0	7	0	0	0	0	0	0	0	0	0	0	0	0	0	0	0	0	0	0	0	0	0	0	0	0	0	0	0	22	0	0	0	0	0	0	0	0	0	0	0	0	0	5	0	0
NC_000017.10	41249306	41249509	+	NM_007294	INTRON	29	0	0	7	1	0	0	0	20	0	28	32	4	18	36	0	14	9	0	0	9	26	0	0	0	54	22	11	0	5	0	0	0	0	11	0	0	22	0	7	33	0	23	0	62	15	0	30
NC_000017.10	41251836	41445372	+	NR_027676	INTRON	0	0	0	0	0	0	0	0	0	0	0	0	1	0	0	0	0	0	0	0	0	0	0	0	0	0	0	0	0	0	0	0	0	0	0	0	0	0	0	0	0	0	0	0	0	0	0	0
NC_000017.10	41243049	41246757	-	NM_007294	INTRON	0	0	0	0	0	33	0	0	0	61	0	0	0	15	0	0	0	0	0	12	0	14	0	0	0	0	0	0	0	0	0	0	0	0	0	0	0	0	0	0	0	0	0	6	0	32	0	20
NC_000017.10	41228548	41242973	-	NM_007298	INTRON	0	0	0	0	0	0	0	0	0	0	0	0	0	0	0	0	0	0	0	0	0	0	0	0	0	0	0	46	0	0	0	0	0	0	0	0	0	0	0	0	0	0	0	0	0	0	0	0
NC_000017.10	41228631	41229020	+	NM_007294	INTRON	0	0	0	0	0	0	0	0	0	0	0	0	0	0	0	0	0	31	0	0	0	6	0	0	0	0	0	0	0	0	0	0	0	0	0	0	0	6	0	0	0	33	0	0	0	0	0	0
NC_000017.10	41243048	41246760	+	NM_007294	INTRON	0	0	0	0	0	0	0	0	0	0	0	13	0	0	0	0	0	12	0	1	0	0	0	0	0	0	0	0	0	23	0	0	0	6	0	0	0	0	0	25	0	9	0	0	0	0	0	0
NC_000017.10	41228628	41234420	+	NM_007294	INTRON	0	1611	0	1153	0	1123	0	7	0	1289	0	1864	0	1127	0	2083	0	1298	0	1643	0	1619	0	1959	0	1437	0	1387	0	1352	0	956	0	1813	0	1077	0	1350	0	2094	0	1093	0	1958	0	1560	0	2559
NC_000017.10	41234592	41242960	+	NM_007294	INTRON	0	9688	0	5242	0	5229	0	24	0	6028	0	8681	0	6801	0	9033	0	6234	0	7638	0	7567	0	8536	0	5813	0	5212	0	6341	0	4469	0	6955	0	4125	0	6007	0	7154	0	4940	0	6992	0	7791	0	10358
NC_000013.10	32900287	32900378	+	NM_000059	INTRON	0	0	0	0	1	0	0	0	4	0	0	0	2	0	0	0	0	0	3	0	7	0	0	0	4	0	4	0	0	0	0	0	3	0	2	0	2	0	2	0	0	0	3	0	0	0	0	0
NC_000017.10	41243032	41249260	+	NM_007294	INTRON	0	0	0	0	0	0	0	0	0	0	0	0	0	0	0	0	0	0	0	0	0	0	0	0	0	0	0	0	0	0	0	0	0	0	0	16	0	0	0	0	0	0	0	0	0	0	0	0
NC_000017.10	41247909	41414777	-	NM_007294	INTRON	0	0	0	0	0	0	0	0	0	0	0	0	0	0	0	0	1	0	0	0	0	0	0	0	0	0	0	0	0	0	0	0	0	0	0	0	0	0	0	0	0	0	0	0	0	0	0	0
NC_000013.10	32899321	32900237	-	NM_000059	INTRON	2	0	0	0	0	0	0	0	3	0	0	0	0	0	0	0	0	0	1	0	0	0	0	0	1	0	0	0	0	0	0	0	1	0	0	0	0	0	0	0	0	0	0	0	1	0	0	0
NC_000017.10	41234511	41234543	-	NM_007294	INTRON	0	0	0	0	0	0	0	0	0	0	0	0	0	0	0	0	0	0	0	0	0	0	0	3	0	0	0	0	0	0	0	0	0	0	0	0	0	0	0	0	0	0	0	0	0	0	0	0
NC_000017.10	41228656	41234420	-	NM_007300	INTRON	0	0	0	0	0	0	0	0	0	0	0	0	0	0	0	0	0	0	0	0	0	0	0	0	0	6	0	0	0	0	0	0	0	0	0	0	0	0	0	0	0	0	0	0	0	0	0	17
NC_000017.10	41249606	41251791	+	NR_027676	INTRON	0	0	0	6	1	0	0	0	10	0	17	0	0	4	0	0	0	0	0	0	11	11	0	0	0	34	10	0	0	0	0	0	0	0	8	0	0	0	0	3	23	0	19	0	41	0	28	0
NC_000017.10	41243690	41246760	-	NM_007294	INTRON	0	0	0	0	0	0	0	0	0	0	0	0	0	0	0	0	0	0	0	0	0	0	0	0	0	0	0	0	0	0	0	0	0	0	0	0	0	0	0	0	0	0	0	26	0	0	0	0
NC_000017.10	41243666	41247862	+	NM_007294	INTRON	0	231	0	34	0	44	0	0	0	0	0	0	0	21	0	0	0	0	0	7	0	0	0	0	0	0	0	0	0	0	0	0	0	0	0	0	0	0	0	0	0	0	0	0	0	0	0	0
NC_000017.10	41234592	41247862	-	NM_007294	INTRON	0	0	0	82	0	11	0	0	0	28	0	15	0	0	0	0	0	0	0	79	0	39	0	67	0	60	0	0	0	31	0	0	0	41	0	0	0	29	0	0	0	0	0	52	0	10	0	0
NC_000017.10	41246850	41247889	-	NM_007294	INTRON	0	0	0	0	0	0	0	0	0	0	0	0	0	0	0	0	0	0	0	0	0	0	0	0	0	0	0	0	0	0	0	0	0	42	0	0	0	0	0	0	0	0	0	0	0	0	0	0
NC_000017.10	41246785	41312484	-	NM_007294	INTRON	0	0	0	0	0	0	0	0	0	0	0	0	0	0	0	0	0	0	0	0	0	0	0	0	0	0	0	0	0	0	0	1	0	0	0	0	0	1	0	0	0	0	0	0	0	0	0	0
NC_000017.10	41201211	41209068	+	NM_007294	INTRON	0	0	0	0	0	0	0	0	0	0	0	4	0	0	0	0	0	0	0	0	0	0	0	0	0	0	0	0	0	0	0	0	0	0	0	0	0	0	0	0	0	0	0	0	0	0	0	0
NC_000017.10	41247960	41249260	-	NM_007294	INTRON	0	11	0	20	0	0	0	0	0	2	16	9	0	10	9	32	44	9	0	10	0	6	0	0	0	0	0	0	3	0	2	0	0	0	1	0	0	0	0	9	14	1	0	0	43	6	16	24
NC_000017.10	41242980	41251849	-	NM_007294	INTRON	0	0	0	0	0	0	0	0	0	3	0	0	0	0	0	0	0	0	0	0	0	0	0	0	0	0	0	0	0	0	0	0	0	0	0	0	0	0	0	0	0	0	0	0	0	0	0	0
NC_000017.10	41243049	41246768	-	NM_007294	INTRON	0	0	0	2	0	42	0	0	0	33	0	0	0	18	0	66	0	101	0	53	0	12	0	0	0	0	0	0	0	98	0	0	0	45	0	0	0	51	0	25	0	14	0	16	0	15	0	68
NC_000017.10	41243650	41246760	-	NM_007294	INTRON	0	0	0	0	0	24	0	0	0	84	0	0	0	27	0	70	0	19	0	39	0	36	0	0	0	42	0	0	0	101	0	2	0	33	0	0	0	50	0	22	0	44	0	39	0	116	0	70
NC_000017.10	41243650	41246757	-	NM_007294	INTRON	0	0	0	0	0	0	0	0	0	0	0	0	0	0	0	0	0	0	0	0	0	0	0	0	0	0	0	0	0	0	0	0	0	0	0	0	0	0	0	11	0	0	0	0	0	0	0	0
NC_000017.10	41243608	41246780	+	NM_007294	INTRON	0	0	0	0	0	0	0	0	0	0	0	0	0	2	0	0	0	0	0	0	0	0	0	0	0	0	0	0	0	0	0	0	0	0	0	0	0	0	0	0	0	0	0	0	0	0	0	0
NC_000017.10	41247880	41247918	+	NM_007294	INTRON	0	0	0	0	0	0	0	0	0	0	0	0	0	0	0	0	4	0	0	0	0	0	0	0	0	0	0	0	0	0	0	0	0	0	0	0	0	0	0	0	0	0	0	0	0	0	0	0
NC_000017.10	41228628	41242251	+	NM_007294	INTRON	0	0	0	0	0	0	0	0	0	0	0	0	0	0	0	0	0	0	0	0	0	0	0	0	0	0	0	0	0	0	0	0	0	0	0	0	0	0	0	0	0	0	0	0	0	4	0	0
NC_000017.10	41197819	41199659	-	NM_007294	INTRON	0	2	0	0	0	3	0	9	0	0	0	7	0	4	0	12	0	2	0	12	0	0	0	9	0	0	0	4	0	0	0	3	0	2	0	0	0	8	0	4	0	14	0	7	0	15	0	10
NC_000017.10	41234553	41498807	-	NM_007294	INTRON	0	0	0	0	0	0	0	0	0	0	0	0	0	0	0	0	0	0	0	0	0	0	0	0	0	0	0	0	0	0	0	0	0	0	0	0	0	1	0	0	0	0	0	0	0	0	0	0
NC_000017.10	41228631	41231350	+	NM_007294	INTRON	0	445	0	87	0	199	0	2	0	201	0	143	0	229	0	103	0	183	0	102	0	192	0	47	0	135	0	1	0	173	0	58	0	99	0	29	0	174	0	25	0	183	0	113	0	198	0	118
NC_000017.10	41199728	41201136	+	NM_007294	INTRON	0	0	0	0	0	0	0	1	0	0	0	0	0	0	0	0	0	0	0	0	0	0	0	0	0	0	0	0	0	0	0	0	0	0	0	0	0	2	0	0	0	0	0	0	0	0	0	0
NC_000017.10	41243043	41251785	-	NM_007294	INTRON	0	0	0	11	0	5	0	0	0	0	0	21	0	0	0	0	0	0	0	0	0	0	0	0	0	0	0	0	0	0	0	0	0	0	0	0	0	0	0	0	0	0	0	0	0	0	0	0
NC_000017.10	41234589	41251791	+	NM_007294	INTRON	0	3	0	0	0	0	0	0	0	0	0	0	0	0	0	0	0	0	0	0	0	0	0	0	0	0	0	0	0	0	0	0	0	0	0	0	0	0	0	0	0	0	0	0	0	0	0	0
NC_000017.10	41234612	41242958	+	NM_007294	INTRON	0	0	0	0	0	0	0	0	0	0	0	0	0	0	0	0	0	0	0	0	0	0	0	0	0	0	0	0	0	0	0	0	0	0	0	0	0	0	0	0	0	2	0	0	0	0	0	0
NC_000017.10	41251844	41455429	+	NR_027676	INTRON	0	0	0	0	0	0	0	0	0	0	1	0	0	0	0	0	0	0	0	0	0	0	0	0	0	0	0	0	0	0	0	0	0	0	0	0	0	0	0	0	0	0	0	0	0	0	0	0
NC_000017.10	41243031	41426650	-	NM_007294	INTRON	0	0	0	0	0	0	0	0	0	0	0	0	0	0	0	0	0	0	0	0	0	0	0	0	0	0	0	0	0	1	0	0	0	0	0	0	0	0	0	0	0	0	0	0	0	0	0	0
NC_000017.10	41246825	41865653	+	NM_007294	INTRON	0	0	0	0	0	0	0	0	0	0	0	0	0	0	0	0	0	0	0	0	0	0	0	0	0	0	0	0	0	0	0	0	0	0	0	0	0	0	0	0	0	0	0	0	0	1	0	0
NC_000017.10	41243520	41246530	+	NM_007294	INTRON	0	0	0	0	0	0	0	0	0	0	0	0	0	0	0	6	0	0	0	0	0	0	0	0	0	0	0	0	0	0	0	0	0	0	0	0	0	0	0	0	0	0	0	0	0	0	0	0
NC_000017.10	41201211	41209068	-	NM_007294	INTRON	0	0	0	0	0	0	0	0	0	0	0	0	0	0	0	1	0	2	0	0	0	0	0	0	0	0	0	0	0	0	0	0	0	0	0	0	0	0	0	0	0	0	0	0	0	0	0	0
NC_000017.10	41251868	41499830	-	NR_027676	INTRON	0	0	0	0	0	0	0	0	0	0	0	0	0	0	0	0	0	0	0	0	1	0	0	0	0	0	0	0	0	0	0	0	0	0	0	0	0	0	0	0	0	0	0	0	0	0	0	0
NC_000017.10	41234449	41249282	+	NM_007294	INTRON	0	0	0	0	0	0	0	0	0	0	0	0	0	0	0	0	0	0	0	0	0	0	0	0	0	0	0	0	0	0	0	0	0	0	0	0	0	0	0	1	0	0	0	0	0	0	0	0
NC_000017.10	41246850	41247889	+	NM_007294	INTRON	0	0	0	0	0	0	0	0	0	0	0	0	0	0	0	0	0	0	0	0	0	0	0	0	0	0	0	0	0	0	0	0	0	25	0	0	0	0	0	0	0	0	0	0	0	0	0	0
NC_000017.10	41201211	41203079	+	NM_007294	INTRON	0	11	0	0	0	2	0	10	0	0	0	14	0	0	0	22	0	0	0	15	0	7	0	21	0	2	0	21	0	0	0	12	0	4	0	4	0	11	0	8	0	2	0	10	0	17	0	11
NC_000017.10	41246629	41246737	-	NM_007294	INTRON	0	0	0	0	0	0	0	0	0	0	0	0	0	0	0	0	0	0	0	0	0	0	0	0	0	0	0	0	0	0	0	0	0	0	0	0	0	0	0	0	0	0	0	0	2	0	0	0
NC_000017.10	41234433	41234558	-	NM_007294	INTRON	0	0	0	0	0	0	0	0	0	0	0	0	0	0	0	0	0	0	0	0	0	2	0	0	0	0	0	0	0	0	0	0	0	0	0	0	0	0	0	0	0	0	0	0	0	0	0	0
NC_000017.10	41228628	41231350	+	NM_007294	INTRON	0	162	0	0	0	115	0	0	0	8	0	64	0	40	0	60	0	45	0	44	0	27	0	5	0	13	0	0	0	96	0	12	0	17	0	0	0	3	0	17	0	12	0	0	0	22	0	42
NC_000017.10	41250300	41251791	+	NR_027676	INTRON	0	0	0	0	0	0	0	0	0	0	0	0	0	0	0	0	0	0	0	0	0	0	0	0	0	0	0	9	0	0	0	0	0	0	0	0	0	0	0	0	0	0	0	0	0	0	0	19
NC_000017.10	41226538	41228504	+	NM_007294	INTRON	0	2156	0	1072	0	1055	0	4	0	1291	0	1646	0	1426	0	1889	0	1192	0	1468	0	1592	0	1780	0	1400	0	1143	0	1287	0	973	0	1482	0	909	0	1175	0	1567	0	950	0	1550	0	1552	0	2039
NC_000017.10	41234470	41242962	-	NM_007294	INTRON	0	0	0	0	0	0	0	0	0	0	0	0	0	0	0	0	0	0	0	0	0	12	0	0	0	0	0	0	0	0	0	0	0	0	0	0	0	0	0	0	0	0	0	0	0	0	0	0
NC_000017.10	41228608	41246692	-	NM_007298	INTRON	0	0	0	0	0	0	0	0	0	0	0	0	0	0	0	0	0	0	0	0	0	0	0	0	0	94	0	2	0	0	0	0	0	0	0	0	0	0	0	0	0	0	0	0	0	0	0	0
NC_000017.10	41228536	41228558	+	NM_007298	INTRON	0	0	0	0	0	0	0	0	0	0	0	0	0	0	0	0	0	13	0	0	0	0	0	0	0	0	0	0	0	0	0	0	0	0	0	0	0	0	0	0	0	0	0	0	0	0	0	0
NC_000017.10	41246877	41251791	-	NM_007294	INTRON	1294	135	1637	143	909	1040	1212	9	1040	1221	1317	2169	546	1265	943	2119	1597	1219	957	2026	1233	1384	997	1884	526	991	2316	1406	1117	1305	1722	1085	1585	2653	2194	1428	757	1089	2028	2328	979	842	2298	1913	1448	1517	2869	3222
NC_000017.10	41243024	41535887	+	NM_007294	INTRON	0	0	0	1	0	0	0	0	0	0	0	0	0	0	0	0	0	0	0	0	0	0	0	0	0	0	0	0	0	0	0	0	0	0	0	0	0	0	0	0	0	0	0	0	0	0	0	0
NC_000017.10	41246874	41251791	+	NM_007294	INTRON	0	0	0	0	0	0	0	0	0	0	0	0	0	0	0	0	0	0	0	2	0	0	0	0	0	0	0	0	0	0	0	0	0	0	0	0	0	0	0	0	0	0	0	0	0	0	0	0
NC_000017.10	41228631	41234420	+	NM_007300	INTRON	0	5632	0	2855	0	2898	0	9	0	3381	0	4480	0	4272	0	4999	0	2763	0	3852	0	4450	0	5138	0	3559	0	3142	0	3440	0	2532	0	4046	0	2314	0	3307	0	3823	0	2429	0	3845	0	4399	0	5697
NC_000017.10	41242973	41243012	-	NM_007294	INTRON	0	0	0	0	0	0	0	0	0	0	0	0	0	0	0	0	0	0	0	0	0	0	0	0	0	0	0	0	0	0	0	0	0	0	0	0	0	0	0	13	0	0	0	0	0	0	0	0
NC_000017.10	41234589	41242960	-	NM_007294	INTRON	0	718	0	448	0	466	0	0	0	525	0	495	0	673	0	889	0	455	0	689	0	642	0	530	0	649	0	587	0	576	0	398	0	540	0	340	0	435	0	522	0	481	0	611	0	567	0	814
NC_000017.10	41246877	41247862	+	NM_007294	INTRON	8389	300	6958	284	3399	1981	2982	9	6663	3216	3957	2900	6472	4157	2985	4568	8305	3589	3475	3391	5447	4272	3657	3813	4871	3877	3759	2079	5154	3398	4001	1580	2797	2016	2636	1154	4901	3417	4678	2197	4474	3020	5286	2369	4152	1954	3606	2230
NC_000017.10	41243038	41246828	+	NM_007294	INTRON	0	0	0	0	0	0	0	0	0	0	0	0	0	0	0	0	0	0	0	0	0	0	0	0	0	0	0	0	0	0	0	0	0	1	0	0	0	0	0	0	0	0	0	0	0	0	0	0
NC_000017.10	41247930	41498850	+	NM_007294	INTRON	0	0	0	0	0	0	0	0	1	0	0	0	0	0	0	0	0	0	0	0	0	0	0	0	0	0	0	0	0	0	0	0	0	0	0	0	0	0	0	0	0	0	0	0	0	0	0	0
NC_000017.10	41242973	41251826	+	NM_007294	INTRON	0	0	0	0	0	0	0	0	0	0	0	0	0	0	0	0	0	0	0	0	0	0	0	0	0	0	0	0	0	0	0	0	0	0	0	0	0	26	0	0	0	0	0	0	0	0	0	0
NC_000017.10	41196522	41243018	+	NM_007294	INTRON	0	0	0	0	0	0	0	0	0	0	0	0	0	0	0	0	0	0	0	0	0	0	0	16	0	0	0	0	0	0	0	0	0	0	0	0	0	0	0	0	0	0	0	0	0	0	0	0
NC_000017.10	41243048	41247862	-	NM_007294	INTRON	0	0	0	19	0	0	0	0	0	0	0	0	0	0	0	0	0	0	0	0	0	0	0	0	0	0	0	0	0	0	0	2	0	0	0	0	0	0	0	0	0	0	0	0	0	0	0	0
NC_000017.10	41246787	41249260	-	NM_007294	INTRON	0	0	0	0	0	0	0	0	0	0	0	0	0	0	0	0	0	0	0	0	0	0	0	1	0	0	0	0	0	0	0	0	0	0	0	0	0	0	0	0	0	0	0	0	0	0	0	0
NC_000017.10	41251878	41404013	-	NR_027676	INTRON	0	5	1	3	1	4	0	0	0	2	1	0	0	4	0	1	0	6	0	2	0	0	0	5	0	1	0	1	0	1	0	2	0	1	0	4	0	1	0	3	0	0	0	5	0	1	2	0
NC_000017.10	41228631	41242251	-	NM_007300	INTRON	0	0	0	62	0	0	0	0	0	0	0	0	0	0	0	0	0	0	0	0	0	0	0	0	0	0	0	0	0	17	0	0	0	0	0	0	0	0	0	0	0	0	0	0	0	0	0	0
NC_000017.10	41243040	41246760	+	NM_007294	INTRON	0	0	0	0	0	0	0	0	0	0	0	0	0	0	0	0	0	0	0	0	0	0	0	0	0	0	0	0	0	0	0	0	0	7	0	0	0	0	0	0	0	0	0	0	0	0	0	0
NC_000017.10	41234592	41251791	+	NM_007294	INTRON	0	36	0	0	0	13	0	0	0	23	0	13	0	11	0	79	0	0	0	0	0	0	0	0	0	0	0	0	0	0	0	30	0	43	0	43	0	9	0	30	0	29	0	54	0	38	0	0
NC_000017.10	41247872	41251803	-	NM_007294	INTRON	0	0	0	0	0	0	0	0	0	0	0	0	0	0	0	0	0	0	0	0	0	0	0	0	0	0	0	0	0	3	0	0	0	0	0	0	0	0	0	0	0	0	0	0	0	0	0	0
NC_000017.10	41243032	41249260	-	NM_007294	INTRON	0	0	0	0	0	0	0	0	0	0	0	0	0	0	0	0	0	0	0	0	0	0	0	0	0	0	0	0	0	0	0	0	0	0	0	24	0	0	0	0	0	0	0	0	0	0	0	0
NC_000017.10	41231416	41234420	-	NM_007300	INTRON	0	655	0	122	0	311	0	0	0	218	0	285	0	370	0	172	0	344	0	182	0	324	0	55	0	267	0	0	0	393	0	99	0	193	0	44	0	193	0	46	0	221	0	155	0	318	0	173
NC_000017.10	41246880	41247865	-	NM_007294	INTRON	0	0	0	0	0	0	0	0	0	0	0	0	0	0	0	0	0	0	0	0	0	0	0	0	0	0	0	0	0	0	0	0	0	0	0	0	0	0	0	0	0	0	0	0	1	0	0	0
NC_000013.10	32903629	32905055	-	NM_000059	INTRON	0	0	0	0	1	0	0	0	3	0	2	0	0	0	0	0	0	0	1	0	0	0	2	0	0	0	0	0	1	0	0	0	2	0	0	0	0	0	0	0	4	0	1	0	0	0	0	0
NC_000017.10	41243645	41247862	+	NM_007294	INTRON	0	2	0	0	0	0	0	0	0	0	0	0	0	0	0	0	0	0	0	0	0	0	0	0	0	0	0	0	0	0	0	0	0	0	0	0	0	0	0	0	0	0	0	0	0	0	0	0
NC_000017.10	41199728	41201136	-	NM_007294	INTRON	0	0	0	0	0	0	0	0	0	0	0	0	0	0	0	0	0	0	0	0	0	0	0	2	0	0	0	0	0	0	0	0	0	0	0	0	0	0	0	0	0	0	0	0	0	0	0	0
NC_000017.10	41243520	41246757	-	NM_007294	INTRON	0	0	0	0	0	0	0	0	0	0	0	0	0	0	0	0	0	0	0	0	0	0	0	0	0	0	0	0	0	0	0	0	0	0	0	0	0	0	0	0	0	0	0	19	0	0	0	0
NC_000017.10	41234515	41234551	-	NM_007294	INTRON	0	0	0	0	0	0	0	0	0	0	0	0	0	0	0	0	0	0	0	0	0	0	0	7	0	0	0	0	0	0	0	0	0	0	0	0	0	0	0	0	0	0	0	0	0	0	0	0
NC_000013.10	32900287	32900378	-	NM_000059	INTRON	2	0	0	0	1	0	0	0	4	0	1	0	0	0	0	0	0	0	2	0	0	0	0	0	1	0	0	0	0	0	0	0	2	0	0	0	0	0	0	0	0	0	1	0	2	0	0	0
NC_000017.10	41243049	41246757	+	NM_007294	INTRON	0	0	0	0	0	35	0	0	0	53	0	0	0	11	0	0	0	0	0	13	0	7	0	0	0	0	0	0	0	0	0	0	0	0	0	0	0	0	0	0	0	0	0	10	0	21	0	26
NC_000017.10	41206191	41234422	-	NM_007294	INTRON	0	0	0	0	0	0	0	0	0	1	0	0	0	0	0	0	0	0	0	0	0	0	0	0	0	0	0	0	0	0	0	0	0	0	0	0	0	0	0	0	0	0	0	0	0	0	0	0
NC_000013.10	32900419	32900635	-	NM_000059	INTRON	2	0	0	0	2	0	0	0	4	0	1	0	0	0	0	0	0	0	2	0	0	0	1	0	1	0	0	0	0	0	0	0	4	0	0	0	0	0	0	0	1	0	2	0	2	0	0	0
NC_000017.10	41234570	41251825	+	NM_007294	INTRON	0	0	0	0	0	0	0	0	0	0	0	0	0	0	0	0	0	1	0	0	0	0	0	0	0	0	0	0	0	0	0	0	0	0	0	0	0	0	0	0	0	0	0	0	0	0	0	0
NC_000017.10	41228628	41242960	+	NM_007294	INTRON	0	22	0	18	0	45	0	0	0	0	0	0	0	19	0	0	0	11	0	0	0	12	0	0	0	0	0	0	0	51	0	0	0	15	0	0	0	0	0	0	0	0	0	0	0	6	0	16
NC_000017.10	41234432	41251832	+	NM_007294	INTRON	0	2	0	0	0	0	0	0	0	0	0	0	0	0	0	0	0	0	0	0	0	0	0	0	0	0	0	0	0	0	0	0	0	8	0	0	0	0	0	0	0	0	0	0	0	0	0	0
NC_000017.10	41247939	41251791	-	NM_007294	INTRON	38	51	12	11	96	72	0	0	54	66	49	5	56	112	40	0	108	48	30	23	27	113	11	32	31	141	97	140	23	89	51	41	211	214	191	26	85	63	153	37	71	75	62	30	109	51	24	16
NC_000017.10	41249305	41251791	+	NM_007294	INTRON	0	2	0	0	0	0	0	0	0	0	0	0	1	0	0	0	0	0	0	0	0	0	0	0	0	0	0	0	0	0	0	0	0	0	0	0	0	0	0	0	0	0	0	0	0	0	0	0
NC_000017.10	41243608	41246780	-	NM_007294	INTRON	0	0	0	0	0	0	0	0	0	0	0	0	0	1	0	0	0	0	0	0	0	0	0	0	0	0	0	0	0	0	0	0	0	0	0	0	0	0	0	0	0	0	0	0	0	0	0	0
NC_000017.10	41243049	41246760	+	NM_007294	INTRON	1	667	0	521	0	3848	0	18	0	5716	0	7491	1	6603	0	8451	1	5959	0	7306	14	7139	1	7981	0	5550	0	4964	0	5899	1	3799	0	6695	0	3923	0	5503	0	6447	0	4643	0	6038	0	7283	0	9570
NC_000013.10	32899321	32900237	+	NM_000059	INTRON	0	0	0	0	0	0	0	0	4	0	0	0	2	0	0	0	0	0	3	0	6	0	0	0	4	0	3	0	0	0	0	0	2	0	0	0	0	0	2	0	0	0	3	0	0	0	0	0
NC_000017.10	41243645	41246760	-	NM_007294	INTRON	0	0	0	0	0	0	0	0	0	0	0	0	0	0	0	0	0	63	0	0	0	0	0	0	0	0	0	0	0	0	0	0	0	0	0	0	0	0	0	0	0	0	0	0	0	0	0	0
NC_000017.10	41234592	41246760	+	NM_007294	INTRON	0	0	0	0	0	0	0	0	0	0	0	0	0	20	0	0	0	0	0	0	0	0	0	0	0	0	0	0	0	0	0	0	0	0	0	0	0	21	0	0	0	0	0	0	0	0	0	0
NC_000017.10	41243520	41246823	+	NM_007294	INTRON	0	0	0	0	0	0	0	0	0	0	0	0	0	0	0	0	0	0	0	0	0	0	0	0	0	0	0	0	0	0	0	0	0	0	0	0	0	0	0	0	0	24	0	0	0	0	0	0
NC_000017.10	41251851	41421887	+	NR_027676	INTRON	0	0	0	0	0	0	0	0	1	0	0	0	0	0	0	0	0	0	0	0	0	0	0	0	0	0	0	0	0	0	0	0	0	0	0	0	0	0	0	0	0	0	0	0	0	0	0	0
NC_000017.10	41242370	41246760	+	NM_007294	INTRON	0	0	0	0	0	0	0	0	0	0	0	0	0	0	0	0	0	0	0	0	0	7	0	0	0	0	0	0	0	0	0	0	0	0	0	0	0	0	0	0	0	0	0	0	0	0	0	0
NC_000017.10	41243650	41249260	+	NM_007294	INTRON	0	140	0	78	0	1	0	0	0	0	0	0	0	0	0	0	0	0	0	0	0	0	0	0	0	0	0	0	0	0	0	0	0	12	0	0	0	0	0	0	0	0	0	0	0	65	0	0
NC_000017.10	41247893	41251852	+	NM_007294	INTRON	0	0	0	0	0	0	1	0	0	0	0	0	0	0	0	0	0	0	0	0	0	0	0	0	0	0	0	0	0	0	0	0	0	0	0	0	0	0	0	0	0	0	0	0	0	0	0	0
NC_000017.10	41234568	41242962	+	NM_007294	INTRON	0	0	0	0	0	0	0	0	0	0	0	0	0	0	0	0	0	0	0	0	0	0	0	0	0	34	0	0	0	0	0	0	0	0	0	0	0	0	0	0	0	0	0	0	0	0	0	0
NC_000017.10	41194866	41234420	+	NM_007294	INTRON	0	0	0	0	0	0	0	0	0	0	0	0	0	0	0	0	0	0	0	0	0	0	0	0	0	0	0	0	0	0	0	0	0	0	0	0	0	0	0	0	0	0	0	0	0	1	0	0
NC_000017.10	41228543	41228586	+	NM_007298	INTRON	0	0	0	0	0	0	0	0	0	0	0	0	0	0	0	2	0	0	0	0	0	0	0	0	0	0	0	0	0	0	0	0	0	0	0	0	0	0	0	0	0	0	0	0	0	0	0	0
NC_000017.10	41243049	41247861	+	NM_007294	INTRON	0	0	0	0	0	0	0	0	0	2	0	22	0	0	0	0	0	0	0	0	0	0	0	0	0	0	0	0	0	0	0	0	0	0	0	0	0	0	0	0	0	0	0	0	0	0	0	0
NC_000017.10	41228566	41242991	-	NM_007298	INTRON	0	0	0	0	0	0	0	0	0	0	0	2	0	0	0	0	0	0	0	0	0	0	0	0	0	0	0	0	0	0	0	0	0	0	0	0	0	0	0	0	0	0	0	0	0	0	0	0
NC_000017.10	41229099	41251791	+	NM_007300	INTRON	0	0	0	0	0	26	0	0	0	0	0	0	0	0	0	0	0	0	0	0	0	0	0	0	0	0	0	0	0	0	0	0	0	0	0	0	0	0	0	0	0	0	0	0	0	0	0	0
NC_000013.10	32899321	32900378	+	NM_000059	INTRON	0	0	0	0	0	0	0	0	2	0	0	0	0	0	0	0	0	0	0	0	0	0	0	0	0	0	0	0	0	0	0	0	0	0	0	0	0	0	0	0	0	0	0	0	0	0	0	0
NC_000017.10	41228631	41242960	-	NM_007300	INTRON	0	152	0	130	0	2	0	0	0	72	0	9	0	39	0	51	0	49	0	78	0	12	0	0	0	109	0	49	0	51	0	0	0	0	0	0	0	0	0	18	0	4	0	21	0	130	0	0
NC_000017.10	41229099	41234420	+	NM_007300	INTRON	0	0	0	0	0	0	0	0	0	0	0	0	0	0	0	0	0	0	0	0	0	7	0	0	0	0	0	0	0	0	0	0	0	0	0	0	0	0	0	0	0	31	0	0	0	0	0	0
NC_000017.10	41234433	41234558	+	NM_007294	INTRON	0	0	0	0	0	0	0	0	0	0	0	0	0	0	0	0	0	0	0	0	0	4	0	0	0	0	0	0	0	0	0	0	0	0	0	0	0	0	0	0	0	0	0	0	0	0	0	0
NC_000017.10	41246877	41251792	+	NM_007294	INTRON	0	0	0	0	0	0	0	0	0	0	0	0	0	0	0	0	0	0	0	0	0	0	0	0	0	0	0	0	0	0	0	0	0	2	0	0	0	0	0	0	0	0	0	0	0	0	0	0
NC_000017.10	41247939	41248463	-	NM_007294	INTRON	0	15	0	0	0	0	0	0	0	0	0	0	0	0	0	0	0	0	0	0	0	0	0	0	0	0	0	0	0	0	0	0	0	0	0	0	0	0	0	0	0	0	0	0	0	0	0	0
NC_000017.10	41242973	41246657	+	NM_007294	INTRON	0	0	0	46	0	0	0	0	0	0	0	0	0	0	0	0	0	0	0	0	0	0	0	0	0	0	0	0	0	0	0	0	0	0	0	0	0	0	0	0	0	0	0	0	0	0	0	0
NC_000017.10	41231416	41242960	-	NM_007294	INTRON	0	0	0	0	0	0	0	0	0	0	0	0	0	0	0	0	0	27	0	0	0	0	0	0	0	0	0	0	0	0	0	0	0	0	0	0	0	0	0	0	0	0	0	0	0	23	0	0
NC_000017.10	41247939	41249689	-	NM_007294	INTRON	0	0	0	0	0	0	0	0	0	0	0	0	0	0	0	0	0	0	0	0	0	0	0	0	0	56	0	0	0	0	0	0	0	0	0	0	0	0	0	0	0	0	0	0	0	0	0	0
NC_000017.10	41228587	41234420	+	NM_007298	INTRON	0	0	0	0	0	0	0	0	0	0	0	0	0	0	0	0	0	0	0	0	0	0	0	0	0	0	0	0	0	0	0	13	0	0	0	0	0	0	0	0	0	0	0	0	0	0	0	0
NC_000017.10	41228624	41234454	-	NM_007298	INTRON	0	0	0	0	0	0	0	0	0	0	0	0	0	0	0	0	0	0	0	0	0	0	0	0	0	16	0	0	0	0	0	0	0	0	0	0	0	0	0	0	0	0	0	0	0	0	0	0
NC_000017.10	41228558	41247921	-	NM_007298	INTRON	0	0	0	0	0	0	0	0	0	0	0	0	0	0	0	0	0	0	0	0	0	0	0	0	0	32	0	0	0	0	0	0	0	0	0	0	0	0	0	0	0	0	0	0	0	0	0	0
NC_000017.10	41242984	41326733	-	NM_007294	INTRON	0	0	0	0	0	0	0	0	0	0	0	0	0	0	0	0	0	0	0	0	0	0	0	0	0	0	0	0	0	0	0	0	0	0	0	0	0	0	0	0	0	0	0	0	0	1	0	0
NC_000017.10	41247882	41443438	+	NM_007294	INTRON	0	0	0	0	0	0	0	0	0	0	0	0	0	0	0	0	0	0	0	0	1	0	0	0	0	0	0	0	0	0	0	0	0	0	0	0	0	0	0	0	0	0	0	0	0	0	0	0
NC_000017.10	41249305	41251791	-	NM_007294	INTRON	0	0	0	0	0	0	0	0	0	0	0	0	0	0	0	0	0	0	1	0	0	0	0	0	0	0	0	0	0	0	0	0	0	0	1	0	0	0	1	0	0	2	0	0	0	0	0	0
NC_000017.10	41243018	41649095	-	NM_007294	INTRON	0	0	0	0	0	0	0	0	0	0	0	1	0	0	0	0	0	0	0	0	0	0	0	0	0	0	0	0	0	0	0	0	0	0	0	0	0	0	0	0	0	0	0	0	0	0	0	0
NC_000017.10	41246883	41251791	-	NM_007294	INTRON	0	0	0	0	0	0	0	0	0	0	0	0	0	0	0	0	0	0	0	0	0	0	0	0	18	0	0	0	0	0	0	0	0	0	0	0	0	0	0	0	0	0	0	0	0	0	0	0
NC_000017.10	41243049	41246768	+	NM_007294	INTRON	0	0	0	1	0	69	0	0	0	46	0	0	0	28	0	63	0	84	0	64	0	9	0	0	0	0	0	0	0	77	0	0	0	38	0	0	0	42	0	35	0	10	0	15	0	18	0	64
NC_000017.10	41234589	41249260	+	NM_007294	INTRON	0	0	0	0	0	0	0	0	0	26	0	0	0	0	0	0	0	0	0	0	0	0	0	0	0	0	0	45	0	0	0	46	0	0	0	0	0	0	0	0	0	0	0	0	0	0	0	0
NC_000017.10	41230107	41246740	-	NM_007300	INTRON	0	0	1	0	0	0	0	0	0	0	0	0	0	0	0	0	0	0	0	0	0	0	0	0	0	0	0	0	0	0	0	0	0	0	0	0	0	0	0	0	0	0	0	0	0	0	0	0
NC_000017.10	41201210	41203080	+	NM_007294	INTRON	0	0	0	0	0	0	0	2	0	0	0	0	0	0	0	0	0	0	0	0	0	0	0	0	0	0	0	0	0	0	0	0	0	0	0	0	0	0	0	0	0	0	0	0	0	0	0	0
NC_000017.10	41242973	41251826	-	NM_007294	INTRON	0	0	0	0	0	0	0	0	0	0	0	0	0	0	0	0	0	0	0	0	0	0	0	0	0	0	0	0	0	0	0	0	0	0	0	0	0	33	0	0	0	0	0	0	0	0	0	0
NC_000017.10	41249306	41251791	+	NM_007294	INTRON	4472	4055	3964	1763	1949	1469	1602	3	3638	2079	2156	2027	3574	2662	1632	3131	4507	2321	2021	2470	3066	2627	2126	2291	2685	2363	2025	1153	2812	2395	2193	1148	1284	983	1165	710	2685	2077	2500	1650	2402	1847	2949	1741	4011	2741	2938	2377
NC_000017.10	41203134	41209068	+	NM_007294	INTRON	0	8	0	0	0	1	0	13	0	0	0	10	0	0	0	16	0	0	0	11	0	4	0	16	0	1	0	20	0	0	0	8	0	2	0	3	0	8	0	6	0	2	0	7	0	10	0	5
NC_000017.10	41234592	41242251	+	NM_007294	INTRON	0	0	0	0	0	0	0	0	0	0	0	0	0	2	0	0	0	15	0	0	0	7	0	36	0	0	0	5	0	1	0	0	0	15	0	0	0	0	0	0	0	0	0	0	0	9	0	0
NC_000017.10	41234612	41242958	-	NM_007294	INTRON	0	0	0	0	0	0	0	0	0	0	0	0	0	0	0	0	0	0	0	0	0	0	0	0	0	0	0	0	0	0	0	0	0	0	0	0	0	0	0	0	0	12	0	0	0	0	0	0
NC_000017.10	41248627	41249260	+	NM_007294	INTRON	0	10	0	0	0	0	0	0	0	0	0	0	0	0	0	0	0	0	0	0	0	0	0	0	0	0	0	0	0	0	0	0	0	0	0	0	0	0	0	0	0	0	0	0	0	0	0	0
NC_000017.10	41243650	41251791	+	NM_007294	INTRON	0	32	0	44	0	0	0	0	0	0	0	0	0	0	0	0	0	0	0	0	0	0	0	0	0	0	0	0	0	0	0	0	0	0	0	0	0	0	0	0	0	0	0	0	0	2	0	3
NC_000017.10	41228548	41242973	+	NM_007298	INTRON	0	0	0	0	0	0	0	0	0	0	0	0	0	0	0	0	0	0	0	0	0	0	0	0	0	0	0	36	0	0	0	0	0	0	0	0	0	0	0	0	0	0	0	0	0	0	0	0
NC_000017.10	41246780	41246853	+	NM_007294	INTRON	0	0	0	0	0	0	0	0	0	0	0	0	0	0	0	0	0	0	0	0	0	0	0	0	0	0	0	1	0	0	0	0	0	0	0	0	0	0	0	0	0	0	0	0	0	0	0	0
NC_000017.10	41229099	41231350	-	NM_007300	INTRON	0	0	0	0	0	0	0	0	0	0	0	0	0	0	0	0	0	25	0	0	0	0	0	0	0	0	0	0	0	0	0	0	0	0	0	0	0	8	0	0	0	0	0	0	0	0	0	0
NC_000017.10	41242965	41484131	+	NM_007294	INTRON	0	0	0	0	0	0	0	0	0	0	0	0	0	0	0	0	0	0	0	0	0	0	0	0	0	0	0	0	0	1	0	0	0	0	0	0	0	0	0	0	0	0	0	0	0	0	0	0
NC_000017.10	41244156	41246760	+	NM_007294	INTRON	0	0	0	0	0	0	0	0	0	0	0	0	0	0	0	0	0	0	0	0	0	0	0	0	0	0	0	0	0	0	0	0	0	0	0	0	0	0	0	0	0	0	0	0	0	16	0	0
NC_000017.10	41249304	41489153	-	NM_007294	INTRON	0	0	0	0	0	0	1	0	0	0	0	0	0	0	0	0	0	0	0	1	0	0	0	0	0	0	0	0	0	0	0	0	0	0	0	0	0	0	0	0	0	0	0	0	0	0	0	0
NC_000017.10	41234520	41481595	+	NM_007294	INTRON	0	0	0	0	0	0	0	0	0	0	0	0	0	0	0	0	0	1	0	0	0	0	0	0	0	0	0	0	0	0	0	0	0	0	0	0	0	0	0	0	0	0	0	0	0	0	0	0
NC_000017.10	41243690	41246760	+	NM_007294	INTRON	0	0	0	0	0	0	0	0	0	0	0	0	0	0	0	0	0	0	0	0	0	0	0	0	0	0	0	0	0	0	0	0	0	0	0	0	0	0	0	0	0	0	0	16	0	0	0	0
NC_000017.10	41243645	41249260	-	NM_007294	INTRON	0	14	0	0	0	0	0	0	0	0	0	0	0	0	0	0	0	0	0	0	0	0	0	0	0	0	0	0	0	0	0	0	0	0	0	0	0	0	0	0	0	0	0	0	0	0	0	0
NC_000017.10	41243049	41251791	+	NM_007294	INTRON	0	1965	0	1578	0	490	0	0	0	102	0	331	0	111	0	205	0	157	0	168	0	126	0	117	0	159	0	289	0	219	0	265	0	48	0	119	0	78	0	256	0	139	0	368	0	254	0	286
NC_000017.10	41229099	41234420	-	NM_007300	INTRON	0	0	0	0	0	0	0	0	0	0	0	0	0	0	0	0	0	0	0	0	0	16	0	0	0	0	0	0	0	0	0	0	0	0	0	0	0	0	0	0	0	34	0	0	0	0	0	0
NC_000017.10	41247937	41249260	+	NM_007294	INTRON	0	0	0	0	0	0	0	0	0	0	0	0	0	0	0	0	0	0	0	0	0	0	0	0	0	0	0	0	0	0	0	0	0	0	0	0	0	0	39	0	0	0	0	0	0	0	0	0
NC_000017.10	41243666	41246768	+	NM_007294	INTRON	0	0	0	0	0	0	0	0	0	0	0	12	0	0	0	0	0	0	0	0	0	0	0	0	0	0	0	0	0	0	0	0	0	0	0	0	0	0	0	0	0	0	0	0	0	0	0	0
NC_000017.10	41249603	41251791	-	NR_027676	INTRON	0	0	0	0	0	0	0	0	5	0	0	10	0	0	20	0	9	0	0	0	0	0	0	0	0	0	0	0	0	0	0	0	0	0	0	0	0	0	0	0	6	10	0	0	0	10	0	0
NC_000017.10	41234470	41242962	+	NM_007294	INTRON	0	0	0	0	0	0	0	0	0	0	0	0	0	0	0	0	0	0	0	0	0	6	0	0	0	0	0	0	0	0	0	0	0	0	0	0	0	0	0	0	0	0	0	0	0	0	0	0
NC_000017.10	41243043	41251785	+	NM_007294	INTRON	0	0	0	4	0	9	0	0	0	0	0	21	0	0	0	0	0	0	0	0	0	1	0	2	0	0	0	0	0	0	0	0	0	0	0	0	0	0	0	0	0	0	0	0	0	0	0	0
NC_000017.10	41229100	41234422	+	NM_007300	INTRON	0	0	0	0	0	0	0	0	0	0	0	0	0	0	0	0	0	0	0	0	0	0	0	0	0	0	0	0	0	0	0	0	0	0	0	0	0	0	0	0	0	1	0	0	0	0	0	0
NC_000017.10	41247939	41249260	-	NM_007294	INTRON	5501	3012	4862	1319	2375	1635	2075	5	4497	2687	2595	2464	4569	3281	2301	4284	5673	2972	2582	3131	3877	3434	2544	3143	3584	3282	2473	1529	3524	2980	2833	1487	1720	1408	1511	881	3283	2623	3112	1852	3093	2484	3657	2166	2755	1428	2431	1763
NC_000017.10	41243645	41246760	+	NM_007294	INTRON	0	0	0	0	0	0	0	0	0	0	0	0	0	0	0	0	0	48	0	0	0	0	0	0	0	0	0	0	0	0	0	0	0	0	0	0	0	0	0	0	0	0	0	0	0	0	0	0
NC_000017.10	41243049	41247862	-	NM_007294	INTRON	0	2532	0	1082	0	245	0	0	0	349	0	465	0	374	0	646	0	190	0	401	0	321	0	317	0	492	0	177	0	361	0	468	0	113	0	84	0	218	0	307	0	199	0	426	0	142	0	189
NC_000017.10	41228631	41231350	-	NM_007294	INTRON	0	396	0	100	0	170	0	0	0	168	0	133	0	242	0	91	0	212	0	102	0	213	0	45	0	175	0	0	0	180	0	76	0	125	0	34	0	141	0	10	0	154	0	123	0	261	0	97
NC_000017.10	41234592	41242960	-	NM_007294	INTRON	0	9239	0	5033	0	5103	0	8	0	5807	0	7969	0	6474	0	8797	0	6132	0	7186	0	7154	0	8057	0	5823	0	5243	0	6364	0	4510	0	6638	0	4065	0	5870	0	7535	0	5133	0	6742	0	7666	0	9849
NC_000017.10	41206191	41234422	+	NM_007294	INTRON	0	0	0	0	0	0	0	0	0	1	0	0	0	0	0	0	0	0	0	0	0	0	0	0	0	0	0	0	0	0	0	0	0	0	0	0	0	0	0	0	0	0	0	0	0	0	0	0
NC_000017.10	41195019	41246714	-	NM_007294	INTRON	0	0	0	0	0	0	0	0	0	0	0	0	0	0	0	0	0	0	0	0	0	0	0	0	0	0	1	0	0	0	0	0	0	0	0	0	0	0	0	0	0	0	0	0	0	0	0	0
NC_000017.10	41249606	41251791	-	NR_027676	INTRON	0	0	0	7	4	0	0	0	0	0	24	0	0	3	0	0	0	0	0	0	9	10	0	0	0	24	23	0	0	1	0	0	0	0	8	0	0	0	0	2	12	0	13	0	26	0	20	0
NC_000017.10	41243650	41246768	+	NM_007294	INTRON	0	0	0	0	0	0	0	0	0	0	0	0	0	0	0	0	0	4	0	0	0	0	0	0	0	0	0	0	0	0	0	0	0	0	0	0	0	0	0	0	0	0	0	0	0	2	0	0
NC_000017.10	41234589	41247862	-	NM_007294	INTRON	0	16	0	0	0	0	0	0	0	0	0	0	0	0	0	0	0	50	0	0	0	0	0	0	0	0	0	0	0	0	0	0	0	0	0	0	0	0	0	0	0	0	0	0	0	0	0	0
NC_000017.10	41243650	41247862	+	NM_007294	INTRON	0	328	0	59	0	10	0	0	0	0	0	0	0	0	0	0	0	0	0	0	0	0	0	0	0	0	0	0	0	0	0	0	0	0	0	0	0	0	0	0	0	0	0	0	0	0	0	77
NC_000017.10	41246626	41247872	-	NM_007294	INTRON	0	0	0	0	0	0	0	0	0	0	0	0	0	0	0	0	0	0	0	0	1	0	0	0	0	0	0	0	0	0	0	0	0	0	0	0	0	0	0	0	0	0	0	0	0	0	0	0
NC_000017.10	41247939	41251791	+	NM_007294	INTRON	48	53	40	4	101	58	0	0	61	76	73	13	68	94	42	0	117	55	15	22	29	110	21	19	28	177	116	151	35	71	87	69	236	234	243	65	69	45	185	42	71	83	90	45	140	84	29	19
NC_000017.10	41249306	41249509	-	NM_007294	INTRON	33	0	0	14	5	0	0	0	9	0	36	22	5	14	33	0	8	8	0	0	8	22	0	0	0	33	31	6	2	4	0	0	0	0	19	0	0	17	0	4	12	0	22	0	32	12	0	26
NC_000017.10	41199720	41203079	+	NM_007294	INTRON	0	2	0	0	0	0	0	2	0	0	0	0	0	0	0	0	0	0	0	0	0	0	0	0	0	0	0	2	0	0	0	0	0	0	0	0	0	0	0	0	0	0	0	0	0	0	0	0
NC_000017.10	41247890	41370905	-	NM_007294	INTRON	0	0	0	0	0	0	0	0	0	0	0	0	0	0	0	0	0	0	0	0	0	0	1	0	0	0	0	0	0	0	0	0	0	0	0	0	0	0	1	0	0	0	0	0	0	0	0	0
NC_000017.10	41202207	41203079	-	NM_007294	INTRON	0	0	0	0	0	0	0	0	0	0	0	0	0	0	0	0	0	0	0	1	0	0	0	0	0	0	0	0	0	0	0	0	0	0	0	0	0	0	0	0	0	0	0	0	0	0	0	0
NC_000017.10	41242973	41246657	-	NM_007294	INTRON	0	0	0	48	0	0	0	0	0	0	0	0	0	0	0	0	0	0	0	0	0	0	0	0	0	0	0	0	0	0	0	0	0	0	0	0	0	0	0	0	0	0	0	0	0	0	0	0
NC_000017.10	41243049	41243451	+	NM_007294	INTRON	0	1211	0	541	0	105	0	0	0	102	0	30	0	135	0	154	0	117	0	59	0	29	0	56	0	107	0	0	0	143	0	26	0	52	0	1	0	55	0	89	0	78	0	84	0	276	0	164
NC_000017.10	41251878	41404013	+	NR_027676	INTRON	2	3	0	4	0	5	0	0	0	6	3	3	0	0	0	1	0	3	0	4	0	2	0	5	0	1	0	3	1	0	0	3	0	3	0	1	0	5	0	5	0	2	0	0	0	4	0	2
NC_000017.10	41228656	41234420	+	NM_007300	INTRON	0	0	0	0	0	0	0	0	0	0	0	0	0	0	0	0	0	0	0	0	0	0	0	0	0	1	0	0	0	0	0	0	0	0	0	0	0	0	0	0	0	0	0	2	0	0	0	13
NC_000017.10	41246877	41251791	+	NM_007294	INTRON	1326	113	1597	155	817	1010	1383	4	1119	1331	1565	2365	619	1322	1003	2092	1745	1258	989	2101	1380	1368	1029	2056	464	1002	2462	1406	1085	1391	1868	1153	1617	2541	2373	1474	749	979	2023	2373	1088	831	2356	2023	1551	1507	2914	3287
NC_000017.10	41234591	41242960	-	NM_007294	INTRON	0	0	0	0	0	0	0	0	0	0	0	0	0	2	0	0	0	0	0	0	0	0	0	0	0	0	0	0	0	0	0	0	0	0	0	0	0	0	0	1	0	0	0	0	0	0	0	0
NC_000017.10	41251796	41498736	+	NR_027676	INTRON	0	0	0	0	0	0	0	0	0	0	0	0	0	0	0	0	0	0	0	0	0	0	0	0	1	0	0	0	0	0	0	0	0	0	0	0	0	0	0	0	0	0	0	0	0	0	0	0
NC_000017.10	41228631	41242251	+	NM_007300	INTRON	0	0	0	73	0	0	0	0	0	0	0	0	0	0	0	0	0	0	0	0	0	0	0	0	0	0	0	0	0	20	0	0	0	0	0	0	0	0	0	0	0	0	0	0	0	0	0	0
NC_000017.10	41228608	41246692	+	NM_007298	INTRON	0	0	0	0	0	0	0	0	0	0	0	0	0	0	0	0	0	0	0	0	0	0	0	0	0	69	0	0	0	0	0	0	0	0	0	0	0	0	0	0	0	0	0	0	0	0	0	0
NC_000017.10	41197819	41199659	+	NM_007294	INTRON	0	9	0	0	0	0	0	7	0	0	0	7	0	0	0	16	0	0	0	13	0	6	0	12	0	4	0	11	0	0	0	7	0	2	0	4	0	6	0	5	0	0	0	4	0	20	0	9
NC_000017.10	41243520	41246760	-	NM_007294	INTRON	0	0	0	0	0	0	0	0	0	2	0	0	0	25	0	0	0	0	0	0	0	0	0	0	0	50	0	0	0	12	0	0	0	0	0	0	0	0	0	23	0	0	0	0	0	8	0	0
NC_000017.10	41228628	41234420	-	NM_007294	INTRON	0	1423	0	1136	0	1205	0	2	0	1279	0	1728	0	1142	0	1955	0	1300	0	1515	0	1692	0	1946	0	1433	0	1591	0	1418	0	1044	0	1768	0	1073	0	1297	0	2061	0	1210	0	1824	0	1672	0	2463
NC_000017.10	41243048	41246760	-	NM_007294	INTRON	0	0	0	0	0	0	0	0	0	2	0	25	0	0	0	0	0	23	0	9	0	0	0	2	0	0	0	0	0	26	0	0	0	13	0	0	0	2	0	35	0	6	0	0	0	0	0	0
NC_000017.10	41247939	41249509	+	NM_007294	INTRON	0	0	0	0	0	0	0	0	0	0	0	0	0	0	0	0	0	0	0	0	0	0	0	0	0	0	0	0	0	0	0	0	0	0	0	0	0	0	0	0	31	20	0	0	2	17	0	2
NC_000017.10	41185432	41226533	+	NM_007294	INTRON	0	0	0	0	0	0	0	0	0	1	0	0	0	0	0	0	0	0	0	0	0	0	0	0	0	0	0	0	0	0	0	0	0	0	0	0	0	0	0	0	0	0	0	0	0	0	0	0
NC_000017.10	41251878	41346820	-	NR_027676	INTRON	0	0	0	0	0	0	0	0	0	0	0	0	0	0	0	0	0	0	0	0	0	0	0	0	0	0	2	0	0	0	0	0	0	0	0	0	0	0	0	0	0	0	0	0	0	0	0	0
NC_000017.10	41247880	41247918	-	NM_007294	INTRON	0	0	0	0	0	0	0	0	0	0	0	0	0	0	0	0	2	0	0	0	0	0	0	0	0	0	0	0	0	0	0	0	0	0	0	0	0	0	0	0	0	0	0	0	0	0	0	0
NC_000017.10	41246878	41519605	+	NM_007294	INTRON	0	0	0	0	0	0	0	0	0	0	0	0	0	0	0	0	0	0	0	0	0	0	0	0	0	0	0	0	0	0	0	0	0	0	0	0	0	0	0	0	0	0	0	0	0	1	0	0
NC_000017.10	41231139	41246707	+	NM_007300	INTRON	0	0	0	0	0	0	0	0	0	0	0	0	0	0	0	0	0	0	0	0	0	0	0	0	1	0	0	0	0	0	0	0	0	0	0	0	0	0	0	0	0	0	0	0	0	0	0	0
NC_000017.10	41228628	41242251	-	NM_007294	INTRON	0	0	0	0	0	0	0	0	0	0	0	0	0	0	0	0	0	0	0	0	0	0	0	0	0	0	0	0	0	0	0	0	0	0	0	0	0	0	0	0	0	0	0	0	0	5	0	0
NC_000017.10	41228628	41249260	+	NM_007294	INTRON	0	0	0	0	0	0	0	0	0	0	0	0	0	0	0	0	0	0	0	0	0	0	0	0	0	0	0	0	0	0	0	0	0	0	0	0	0	0	0	41	0	14	0	12	0	0	0	0
NC_000017.10	41251803	41477377	+	NR_027676	INTRON	0	0	0	0	0	0	0	0	0	0	0	0	0	0	0	0	0	0	0	0	0	0	0	0	0	0	0	0	0	0	0	0	0	0	0	0	0	0	0	0	0	0	0	0	0	0	1	0
NC_000017.10	41228601	41234420	-	NM_007298	INTRON	0	0	0	0	0	0	0	0	0	0	0	0	0	0	0	0	0	24	0	0	0	0	0	0	0	0	0	0	0	0	0	0	0	0	0	0	0	0	0	0	0	0	0	0	0	0	0	0
NC_000017.10	41228624	41234454	+	NM_007298	INTRON	0	0	0	0	0	0	0	0	0	0	0	0	0	0	0	0	0	0	0	0	0	0	0	0	0	29	0	0	0	0	0	0	0	0	0	0	0	0	0	0	0	0	0	0	0	0	0	0
NC_000017.10	41243650	41246757	+	NM_007294	INTRON	0	0	0	0	0	0	0	0	0	0	0	0	0	0	0	0	0	0	0	0	0	0	0	0	0	0	0	0	0	0	0	0	0	0	0	0	0	0	0	12	0	0	0	0	0	0	0	0
NC_000017.10	41243650	41246760	+	NM_007294	INTRON	0	0	0	0	0	27	0	0	0	73	0	0	0	45	0	71	0	21	0	22	0	31	0	0	0	36	0	0	0	123	0	5	0	30	0	0	0	62	0	18	0	35	0	38	0	127	0	60
NC_000017.10	41228628	41249260	-	NM_007294	INTRON	0	0	0	0	0	0	0	0	0	0	0	0	0	0	0	0	0	0	0	0	0	0	0	0	0	0	0	0	0	0	0	0	0	0	0	0	0	0	0	39	0	17	0	23	0	0	0	0
NC_000017.10	41234575	41246864	-	NM_007294	INTRON	0	0	0	0	0	0	0	0	0	0	0	0	0	1	0	0	0	0	0	0	0	0	0	0	0	0	0	0	0	0	0	0	0	0	0	0	0	0	0	0	0	0	0	0	0	0	0	0
NC_000017.10	41246744	41246768	+	NM_007294	INTRON	0	0	0	0	0	0	0	0	0	0	0	0	0	0	0	0	0	0	0	0	1	0	0	0	0	0	0	0	0	0	0	0	0	0	0	0	0	0	0	0	0	0	0	0	0	0	0	0
NC_000017.10	41246795	41285337	-	NM_007294	INTRON	0	0	0	0	0	0	0	0	0	0	0	0	0	0	0	0	0	1	0	0	0	0	0	0	0	0	0	0	0	0	0	1	0	0	0	0	0	0	0	0	0	0	0	0	0	0	0	0
NC_000013.10	32903629	32905055	+	NM_000059	INTRON	6	0	0	0	2	0	0	0	0	0	1	0	0	0	0	0	2	0	1	0	4	0	4	0	0	0	2	0	0	0	0	0	2	0	0	0	0	0	2	0	0	0	1	0	0	0	0	0
NC_000017.10	41201211	41202078	-	NM_007294	INTRON	0	0	0	0	0	0	0	0	0	0	0	0	0	0	0	0	0	0	0	1	0	0	0	0	0	0	0	0	0	0	0	0	0	0	0	0	0	0	0	0	0	0	0	0	0	0	0	0
NC_000017.10	41242370	41242960	+	NM_007294	INTRON	0	0	0	98	0	0	0	0	0	0	0	17	0	1	0	0	0	14	0	0	0	1	0	58	0	0	0	8	0	43	0	0	0	18	0	0	0	0	0	0	0	0	0	0	0	21	0	52
NC_000017.10	41242980	41251849	+	NM_007294	INTRON	0	0	0	0	0	0	0	0	0	12	0	0	0	0	0	0	0	0	0	0	0	0	0	0	0	0	0	0	0	0	0	0	0	0	0	0	0	0	0	0	0	0	0	0	0	0	0	0
NC_000017.10	41246872	41290277	-	NM_007294	INTRON	0	0	0	0	0	0	0	0	0	0	0	0	0	0	0	0	0	1	0	0	0	0	0	0	0	0	0	0	0	0	0	0	0	0	0	0	0	0	0	0	0	0	0	0	0	0	0	0
NC_000017.10	41228628	41229020	+	NM_007294	INTRON	0	0	0	0	0	30	0	0	0	0	0	0	0	0	0	0	0	0	0	0	0	0	0	0	0	0	0	0	0	0	0	0	0	0	0	0	0	0	0	0	0	0	0	0	0	0	0	0
NC_000017.10	41234592	41247862	+	NM_007294	INTRON	0	0	0	77	0	20	0	0	0	25	0	23	0	0	0	0	0	0	0	81	0	44	0	54	0	49	0	0	0	27	0	0	0	63	0	0	0	41	0	0	0	2	0	51	0	16	0	0
NC_000017.10	41243666	41246823	-	NM_007294	INTRON	0	0	0	0	0	0	0	0	0	0	0	0	0	11	0	0	0	0	0	0	0	0	0	0	0	0	0	0	0	0	0	0	0	0	0	0	0	0	0	0	0	0	0	0	0	0	0	0
NC_000017.10	41243049	41249260	-	NM_007294	INTRON	0	1927	0	744	0	128	0	0	0	30	0	131	0	30	0	8	0	0	0	28	0	38	0	4	0	0	0	0	0	119	0	18	0	0	0	4	0	47	0	0	0	0	0	0	0	40	0	188
NC_000017.10	41230761	41246778	-	NM_007300	INTRON	1	0	0	0	0	0	0	0	0	0	0	0	0	0	0	0	0	0	0	0	0	0	0	0	0	0	0	0	0	0	0	0	0	0	0	0	0	0	0	0	0	0	0	0	0	0	0	0
NC_000017.10	41246877	41249260	-	NM_007294	INTRON	56	0	89	0	50	23	0	0	2	51	30	30	20	1	0	2	20	90	12	67	0	25	0	24	0	19	33	0	2	58	25	0	4	12	14	1	4	4	38	0	0	0	35	0	2280	1842	1230	954
NC_000017.10	41228614	41231350	+	NM_007298	INTRON	0	0	0	0	0	0	0	0	0	0	0	0	0	0	0	0	0	12	0	0	0	0	0	0	0	0	0	0	0	0	0	0	0	0	0	0	0	0	0	0	0	0	0	0	0	0	0	0
NC_000017.10	41234592	41331002	+	NM_007294	INTRON	0	0	0	0	0	0	0	0	0	0	0	0	0	0	0	0	0	0	0	0	0	0	0	0	0	0	0	0	0	0	0	0	0	0	0	0	0	0	0	0	0	0	0	1	0	0	0	0
