chr	start	end	strand	NM	intron	LU_01.008.0483_LCL_mRNA_L1_S1..txt	LU_01.008.0483_LCL_totRNA_L1_S1..txt	LU_03.006.0289_LCL_mRNA_L1_S1..txt	LU_03.006.0289_LCL_totRNA_L1_S1..txt	LU_05.002.0176_LCL_mRNA_L1_S1..txt	LU_05.002.0176_LCL_totRNA_L1_S1..txt	LU_06.009.0425_LCL_mRNA_L1_S1..txt	LU_06.009.0425_LCL_totRNA_L1_S1..txt	LU_06.009.0916_RNA_LW_treat_mRNA_L1_S1..txt	LU_06.009.0916_RNA_LW_treat_totRNA_L1_S1..txt	LU_06.009.0916_RNA_LW_untr_mRNA_L1_S1..txt	LU_07.111.0075_LCL_mRNA_L1_S1..txt	LU_07.111.0075_LCL_totRNA_L1_S1..txt	LU_07.111.0085_RNA_MT_mRNA_L1_S1..txt	LU_07.111.0085_RNA_MT_totRNA_L1_S1..txt	LU_07.111.0097_RNA_MT_mRNA_L1_S1..txt	LU_07.111.0097_RNA_MT_totRNA_L1_S1..txt	LU_08.111.0021_LCL_mRNA_L1_S1..txt	LU_08.111.0021_LCL_totRNA_L1_S1..txt	LU_99.003.3193_RNA_MT_mRNA_L1_S1..txt	LU_99.003.3193_RNA_MT_totRNA_L1_S1..txt	LU_99.005.0355_LCL_mRNA_L1_S1..txt	LU_99.005.0355_LCL_totRNA_L1_S1..txt	LU_99.006.1923_LCL_totRNA_L1_S1..txt
chr3	112301586	112304427	+	NM_017945	INTRON	0	0	0	0	0	0	0	0	0	0	0	0	0	0	0	0	0	0	0	0	0	1	0	0
chr19	36266566	36268546	+	NM_001172630	INTRON	0	0	0	0	1	0	0	0	0	0	0	0	0	0	0	0	0	0	0	0	0	0	0	0
chr7	76943806	76950041	-	NM_017439	INTRON	1	3	1	0	0	1	0	1	7	0	0	0	0	0	0	4	1	1	1	0	0	1	0	0
chr10	89692776	89692835	+	NM_000314	INTRON	3	0	0	0	0	0	0	0	0	0	0	0	0	0	0	0	0	0	0	0	0	0	0	0
chr17	8737975	8738589	-	NM_001010855	INTRON	0	0	0	0	0	0	0	0	0	0	0	0	0	0	0	0	0	0	1	0	0	0	1	0
chr12	22697113	22697253	-	NM_001286174	INTRON	0	1	0	0	0	0	1	2	1	2	0	1	0	0	2	2	1	1	0	0	5	0	0	5
chr13	32937670	32949479	+	NM_000059	INTRON	0	0	0	0	0	0	0	0	0	0	0	12	0	0	0	0	0	0	0	33	0	0	0	0
chr6	151688027	151712554	-	NM_020861	INTRON	0	0	0	0	0	0	0	0	0	0	0	0	0	0	0	0	0	0	0	0	1	0	0	0
chr16	30770568	30771604	-	NM_000294	INTRON	0	0	0	0	0	0	0	0	0	0	0	0	0	0	0	0	0	0	0	0	0	0	0	1
chr22	29091804	29092894	-	NM_001005735	INTRON	0	0	0	0	0	0	0	0	0	0	0	0	1	0	0	0	0	0	0	0	0	0	0	0
chr2	54697123	54753508	+	NM_003128	INTRON	0	0	0	0	0	0	1	2	0	0	0	0	0	0	0	1	0	0	0	3	0	0	0	0
chr12	113345024	113345477	+	NM_001032409	INTRON	0	1	0	0	0	0	0	0	0	0	0	0	0	0	0	0	0	0	0	0	0	0	0	0
chr11	118920063	118920267	-	NM_001130991	INTRON	0	0	0	0	0	0	0	0	1	0	0	0	0	0	0	3	0	0	0	0	0	0	0	0
chr7	152513673	152516451	+	NM_001040135	INTRON	0	0	0	0	0	0	0	0	0	0	0	2	0	0	0	0	0	0	0	0	0	0	0	0
chrX	153298008	153363060	-	NM_001316337	INTRON	0	0	0	0	0	0	2	0	1	2	2	0	0	0	0	4	0	0	2	0	0	0	0	0
chr19	18644157	18650360	-	NM_001308373	INTRON	0	0	0	0	0	0	0	0	1	0	0	0	0	0	0	0	0	0	0	0	0	0	0	0
chr12	123693715	123730835	+	NM_022782	INTRON	0	0	0	1	0	0	0	0	0	0	0	0	0	0	0	0	0	0	0	0	1	0	0	0
chr21	39644479	39668847	+	NM_001276436	INTRON	0	0	0	3	1	0	1	5	0	0	0	1	1	0	0	4	0	0	0	0	0	0	0	1
chr6	36466263	36467649	-	NM_001305102	INTRON	1	4	0	1	0	0	1	3	6	0	0	1	0	1	0	1	0	0	0	0	0	1	0	1
chr18	13068990	13069053	+	NM_032142	INTRON	0	0	0	0	0	0	0	0	0	0	0	0	0	0	0	0	0	0	0	0	1	0	0	0
chr4	128815036	128816107	+	NM_001190799	INTRON	2	2	4	7	1	2	2	8	14	3	6	2	1	1	0	6	0	2	6	4	6	2	0	8
chr11	292095	292545	+	NM_025092	INTRON	0	2	1	2	0	0	0	2	5	0	0	0	0	0	2	5	3	0	0	0	2	0	1	1
chr2	47964645	48030558	+	NM_001281492	INTRON	0	0	0	0	20	0	0	0	0	0	0	0	0	0	0	0	0	0	0	0	0	0	0	0
chr9	33255925	33256798	-	NM_001172415	INTRON	4	5	3	19	0	0	3	18	82	4	5	0	0	7	0	24	2	1	10	4	11	9	1	3
chr11	125448153	125448851	+	NM_001290135	INTRON	0	0	0	0	0	0	0	0	0	0	0	0	0	0	0	0	0	1	0	0	0	0	0	0
chr4	151837890	151842349	-	NM_001199282	INTRON	6	4	0	7	1	0	2	9	4	2	1	0	4	1	0	4	0	0	1	0	3	1	0	0
chr2	61729445	61743295	-	NM_003400	INTRON	0	0	0	0	0	1	0	0	0	0	0	0	0	0	0	0	0	0	0	0	0	0	0	0
chr11	108196271	108196784	-	NM_000051	INTRON	0	1	0	0	0	0	12	0	0	21	0	15	2	0	0	0	0	0	8	4	4	0	0	4
chr1	235296648	235298966	-	NM_001346738	INTRON	1	0	0	0	0	0	0	0	0	0	0	0	0	0	0	0	0	0	0	0	0	0	0	0
chr5	34922693	34922799	+	NM_018321	INTRON	8	15	7	49	2	0	5	14	73	13	4	3	1	2	0	29	2	5	8	7	7	6	2	9
chr10	85904772	85908485	+	NM_014394	INTRON	16	25	11	35	2	2	8	17	64	7	5	1	3	9	1	50	2	5	6	3	17	4	2	11
chr10	89405796	89690819	+	NM_001015880	INTRON	1	0	0	0	0	0	0	0	0	0	0	0	0	0	0	0	0	0	0	0	0	0	0	0
chr1	19243536	19244855	-	NM_001136265	INTRON	1	9	0	3	0	0	0	5	9	0	0	2	0	2	3	12	3	0	0	0	1	2	1	4
chr7	140058585	140060020	-	NM_001287498	INTRON	0	0	0	0	0	0	0	0	0	0	0	0	0	0	0	0	2	0	0	0	0	0	0	0
chr22	20128535	20128739	+	NM_001185024	INTRON	0	0	0	0	0	0	0	0	2	0	0	0	0	0	0	0	1	0	0	0	2	0	0	0
chr1	224175856	224180167	-	NR_132119	INTRON	0	0	0	0	0	0	0	0	0	0	0	2	0	0	0	3	0	2	0	0	0	0	0	0
chrX	108781360	108784703	+	NM_001242617	INTRON	3	7	0	5	0	1	2	9	5	2	0	2	3	0	2	11	1	0	5	3	1	2	0	3
chr17	5114250	5118219	-	NM_001319190	INTRON	26	31	5	23	1	0	12	24	73	11	6	6	4	29	7	75	2	3	0	8	8	3	0	4
chrX	117576572	117577569	+	NM_001184965	INTRON	0	0	0	0	0	0	0	0	0	0	0	0	0	0	0	0	1	0	0	0	0	0	0	0
chr12	112518938	112528529	-	NM_024953	INTRON	0	0	0	0	0	0	0	0	0	0	0	0	0	0	0	1	0	0	0	0	0	0	0	0
chr8	145140041	145140191	+	NM_003801	INTRON	0	1	1	7	1	2	0	1	1	1	0	0	0	0	0	4	0	0	2	0	0	0	0	0
chr2	27592786	27592972	-	NM_001318965	INTRON	0	0	0	0	0	0	0	0	0	0	0	0	0	0	0	0	0	0	0	0	0	2	0	0
chr7	44621422	44621629	-	NM_001303060	INTRON	0	0	0	0	0	0	0	0	2	0	0	0	0	0	0	0	0	0	0	0	0	0	0	0
chr6	150123505	150131751	+	NM_001252050	INTRON	4	3	0	3	0	2	3	2	15	0	1	1	0	2	1	8	2	0	4	2	2	1	0	3
chr1	43315413	43316620	+	NM_001242739	INTRON	2	0	0	5	0	0	0	5	4	0	0	2	0	1	0	1	0	0	0	0	0	1	1	0
chr8	145008613	145008802	-	NM_000445	INTRON	0	5	0	0	0	1	0	4	0	0	0	0	0	2	0	4	0	0	0	0	1	0	2	2
chr5	37004607	37006458	+	NM_015384	INTRON	0	0	0	0	0	0	0	0	0	0	0	0	0	0	0	0	0	0	0	2	0	0	0	0
chr1	11148255	11151070	-	NM_001001998	INTRON	0	0	0	0	0	0	0	0	0	0	0	0	0	0	0	1	0	0	0	0	0	0	0	0
chr5	133480560	133481914	+	NM_001134851	INTRON	4	0	1	0	0	0	3	0	1	0	0	1	0	1	0	0	0	1	0	1	0	0	0	0
chr20	35153969	35199843	-	NM_001042486	INTRON	0	0	0	0	0	0	0	0	0	0	0	0	0	0	0	0	1	0	0	0	0	0	0	0
chr7	11082441	11091242	+	NM_014660	INTRON	0	0	0	0	0	0	0	0	1	0	0	0	0	0	0	0	0	0	0	0	0	0	0	0
chr11	74340368	74345627	+	NM_006591	INTRON	4	5	5	13	12	3	3	5	23	5	1	7	4	12	6	24	12	7	8	1	13	4	6	4
chr3	44674091	44681432	+	NM_001024855	INTRON	0	0	0	0	0	0	0	0	0	0	0	0	0	0	0	1	0	0	0	0	0	0	0	0
chr16	54959125	54962405	-	NM_001308963	INTRON	0	0	0	0	0	0	0	0	1	0	0	0	0	0	0	0	0	0	0	0	0	0	0	1
chr19	11095049	11095948	+	NM_001128844	INTRON	0	4	1	4	0	1	0	2	4	0	0	0	0	0	4	6	3	2	8	0	4	0	1	2
chr9	7011879	7013900	+	NM_001146695	INTRON	0	0	0	0	0	0	0	0	1	0	0	0	0	0	0	0	0	0	0	0	0	0	0	0
chr17	54990494	54990752	-	NM_005082	INTRON	0	0	0	0	0	0	0	0	0	0	0	0	0	0	1	1	0	0	0	0	0	0	0	0
chr8	61734704	61735061	+	NM_017780	INTRON	2	1	5	1	0	0	3	2	3	2	0	0	0	0	0	3	0	3	0	1	1	0	0	0
chr16	74943815	74946095	-	NM_001324172	INTRON	0	3	0	0	0	0	1	3	11	1	0	1	0	0	3	3	1	2	0	0	0	0	0	1
chr14	89067179	89073586	+	NM_001160103	INTRON	0	0	0	0	0	0	0	0	0	0	0	0	0	0	0	0	1	0	0	0	0	0	0	0
chr8	25297180	25298092	-	NM_017634	INTRON	1	3	1	8	1	0	1	7	17	0	0	1	0	0	4	7	0	0	0	3	0	0	0	0
chr10	101691202	101714970	-	NM_015221	INTRON	2	0	0	1	0	0	0	0	1	0	0	0	0	0	0	1	0	0	0	0	0	0	0	0
chr17	16285302	16285530	+	NM_001281716	INTRON	0	0	0	0	0	0	0	0	0	0	0	0	0	0	0	0	0	0	1	0	0	0	0	0
chr1	28541507	28555432	-	NM_014280	INTRON	20	33	16	31	5	0	6	29	74	11	10	7	4	8	3	74	5	12	8	6	11	4	1	3
chr1	36786388	36786474	+	NM_001162530	INTRON	0	0	0	0	0	0	0	0	0	0	0	0	0	0	0	0	0	0	1	0	0	0	0	0
chr2	128703133	128707442	-	NM_001145928	INTRON	1	0	2	0	1	0	0	1	19	1	1	0	0	1	0	5	0	0	0	2	0	3	0	0
chr6	109471442	109472112	+	NM_001083535	INTRON	0	0	0	1	1	0	0	0	2	0	0	1	0	0	0	0	0	0	0	0	0	0	0	0
chr5	71616336	71617998	+	NM_001284403	INTRON	1	1	1	8	0	0	4	3	9	2	3	1	0	0	0	8	1	1	3	0	2	2	0	0
chr22	31302056	31302183	+	NM_001282741	INTRON	0	0	0	0	0	0	0	0	0	0	0	0	0	0	0	0	0	0	1	0	0	0	0	0
chrX	48325464	48326096	-	NM_033518	INTRON	0	3	2	10	1	0	2	6	6	3	0	3	0	0	0	1	2	1	1	0	0	0	0	0
chr11	93421031	93428662	+	NM_033395	INTRON	0	0	0	0	0	0	0	0	4	0	0	0	0	0	0	0	0	0	0	0	0	0	0	0
chr2	37505132	37506888	+	NM_005813	INTRON	0	0	0	0	0	0	0	0	0	0	0	0	0	0	0	2	0	0	0	0	0	0	0	0
chr3	15283095	15283684	+	NM_014296	INTRON	1	1	0	3	0	0	0	1	4	0	0	0	0	1	0	2	0	2	0	0	0	0	0	0
chr17	41369331	41369699	+	NM_001291586	INTRON	4	1	5	0	2	0	0	2	9	0	0	0	0	0	0	7	0	0	2	1	1	0	0	0
chr16	23544086	23546208	-	NM_001083614	INTRON	0	3	2	2	0	0	0	3	15	1	0	1	0	0	2	7	2	1	1	0	4	2	1	2
chr15	65956732	65956897	+	NM_001144823	INTRON	0	0	0	0	0	0	0	0	1	0	0	0	0	0	0	0	0	0	0	0	0	0	0	0
chr7	6031442	6031603	-	NM_000535	INTRON	4	5	0	0	0	0	8	0	0	2	0	2	38	0	8	0	4	0	0	0	0	17	0	23
chr4	147096963	147097319	+	NM_007080	INTRON	0	0	0	0	0	0	0	0	0	2	0	0	0	0	0	0	0	0	0	0	0	0	0	0
chr2	37439440	37441006	-	NM_005760	INTRON	0	0	0	0	0	0	0	0	2	0	0	0	0	0	0	0	0	0	0	0	0	0	0	0
chr5	154333863	154335930	+	NM_001014990	INTRON	0	0	1	1	0	0	0	0	0	0	0	0	0	0	0	0	2	0	1	0	1	0	4	0
chr9	140431999	140529404	+	NM_001098537	INTRON	0	0	0	0	0	0	0	0	0	0	0	0	0	0	0	0	0	0	0	0	0	0	0	1
chr17	59946745	59947097	-	NM_001330417	INTRON	0	1	1	0	0	0	0	1	3	0	0	0	0	0	0	0	0	0	0	0	0	0	0	0
chr9	36150946	36155781	+	NM_001287011	INTRON	0	0	0	0	0	0	0	0	0	0	0	0	0	2	0	0	0	0	0	0	0	0	0	0
chr20	2778704	2778797	-	NM_001184699	INTRON	0	0	0	0	1	0	2	3	0	0	0	1	1	0	0	4	0	1	1	2	4	2	0	2
chr13	49987176	50007453	-	NM_001287338	INTRON	0	0	0	0	0	0	1	0	0	0	0	0	0	0	0	0	0	0	0	0	0	0	0	0
chr19	59047269	59050067	-	NM_001316982	INTRON	0	0	0	2	0	0	0	0	0	0	0	0	0	0	0	0	0	0	0	0	0	0	0	0
chr10	7811308	7816793	-	NM_012311	INTRON	3	4	0	2	0	0	0	4	17	3	0	2	0	1	0	8	0	0	0	1	4	1	0	4
chrX	53228340	53230731	-	NM_001146702	INTRON	0	3	0	6	0	2	12	7	19	0	5	1	1	1	3	17	0	1	2	7	1	1	1	0
chr5	139235363	139240229	-	NM_013982	INTRON	1	0	0	0	0	0	0	0	0	0	0	0	0	0	0	0	0	0	0	0	0	0	0	0
chr15	93567834	93567885	+	NM_001271	INTRON	0	0	0	0	0	0	0	0	0	0	0	0	0	0	0	0	0	1	0	0	0	0	0	0
chr9	304704	311953	+	NM_001190458	INTRON	5	8	2	16	3	1	3	6	10	10	0	0	1	1	3	9	2	0	6	0	8	1	6	7
chr4	83292737	83294598	-	NM_002138	INTRON	14	15	15	18	9	1	6	8	111	3	9	2	1	9	5	62	0	9	3	8	2	18	0	2
chr2	172248707	172271112	-	NM_001321154	INTRON	7	7	4	5	5	5	5	2	1	2	2	4	0	0	3	2	2	1	3	1	0	3	5	0
chr16	56508862	56509418	+	NM_001324357	INTRON	10	7	2	6	1	0	5	5	45	4	4	0	0	4	0	12	0	1	0	1	3	4	0	2
chr17	48266899	48267039	-	NM_000088	INTRON	0	0	0	0	5	0	1	0	1	0	0	0	0	0	0	2	0	0	0	0	0	0	0	0
chr5	56510020	56517216	+	NM_001127235	INTRON	0	0	0	0	0	0	0	0	0	0	0	0	0	0	0	1	0	0	0	0	0	0	0	0
chr1	207140457	207140927	-	NM_001122979	INTRON	0	0	0	2	0	0	0	0	0	0	0	1	0	0	0	2	0	0	0	0	0	0	0	0
chr1	24199868	24310242	-	NM_001841	INTRON	0	0	0	0	0	0	0	0	0	0	0	1	0	0	0	0	0	0	0	0	0	0	0	0
chr18	48591839	48593388	+	NM_005359	INTRON	340	193	368	156	384	367	368	198	469	335	38	304	283	1480	708	294	677	423	355	1183	1022	498	286	452
chr16	68817935	68856041	+	NM_001317184	INTRON	0	0	0	0	0	0	0	0	0	0	0	0	0	0	0	0	0	0	0	0	0	1	0	0
chr3	121377194	121379666	+	NM_001292041	INTRON	1	0	0	0	0	0	0	0	0	0	0	0	0	0	0	0	0	0	0	0	0	0	0	0
chr2	69734710	69736362	-	NM_014911	INTRON	2	2	2	0	0	0	0	0	0	0	0	0	0	0	0	9	0	1	0	0	0	1	0	0
chr12	54675286	54680445	+	NM_002136	INTRON	0	0	0	1	1	0	0	0	1	0	0	0	0	0	0	8	0	0	0	0	0	1	0	0
chr9	111692201	111693276	-	NM_001318360	INTRON	0	2	0	1	0	0	0	3	4	3	2	0	0	2	1	8	0	0	1	2	5	1	0	0
chr9	135502490	135505650	-	NM_001322340	INTRON	0	0	0	0	0	0	0	0	2	0	0	0	0	0	0	0	0	0	0	0	0	0	0	0
chr1	76210076	76211490	+	NR_130749	INTRON	0	0	1	0	0	0	0	2	0	0	0	1	0	0	0	0	0	0	0	0	0	0	0	0
chr17	9615449	9631270	+	NM_001267576	INTRON	0	0	0	0	0	0	0	0	0	1	0	0	0	0	0	0	0	0	0	0	1	0	0	0
chr1	222904858	222905969	+	NM_001288579	INTRON	1	3	3	10	0	0	4	6	13	3	1	1	1	2	2	12	1	0	4	7	6	0	1	5
chr16	29816495	29816583	-	NM_001256269	INTRON	0	0	0	0	0	0	0	0	0	0	1	0	0	0	0	0	0	0	0	0	0	0	0	0
chr10	11569566	11615604	-	NM_001080491	INTRON	0	1	0	0	0	0	0	0	0	0	0	0	0	0	0	0	0	0	0	0	0	0	0	0
chr11	118916543	118917128	-	NM_001130991	INTRON	13	3	20	39	3	3	8	12	63	4	6	1	1	5	0	37	0	3	1	9	0	4	0	2
chr19	50919980	50920301	-	NM_001256849	INTRON	0	0	0	0	0	0	0	0	0	0	0	0	0	0	0	0	2	0	0	0	0	0	0	1
chr1	24022363	24022390	+	NM_000975	INTRON	0	0	0	0	0	0	0	0	0	0	0	0	0	0	0	0	1	0	0	0	0	0	0	0
chrX	131206370	131206996	+	NM_001042452	INTRON	0	0	0	0	0	0	0	0	0	1	0	0	0	0	0	0	0	0	0	0	0	0	0	0
chr6	108224198	108225832	-	NM_007214	INTRON	1	1	0	0	0	0	0	0	3	2	0	0	0	1	0	0	0	0	0	0	0	0	0	0
chr9	75773719	75774244	+	NM_000700	INTRON	2	1	2	12	0	2	4	14	1	0	0	1	0	0	0	10	0	0	0	0	0	2	1	0
chr5	79951081	79952229	+	NM_002439	INTRON	245	159	143	54	33	100	125	49	69	194	25	101	104	102	76	79	135	54	181	218	86	208	174	124
chr11	47813542	47814337	-	NM_015231	INTRON	3	3	2	2	0	0	0	1	11	2	1	0	0	2	0	17	1	0	0	2	0	0	0	0
chr3	37292975	37327504	+	NM_001172713	INTRON	0	0	0	0	0	0	0	0	0	0	0	0	0	0	0	1	0	0	0	0	0	0	0	0
chr8	42805598	42812236	+	NM_032410	INTRON	0	2	1	9	1	0	4	0	8	2	2	1	0	0	4	6	1	0	2	4	0	3	2	0
chr6	100006424	100009242	-	NM_001013399	INTRON	1	3	0	7	2	0	2	8	11	4	2	1	0	2	0	14	0	1	3	1	1	4	2	2
chr2	163212991	163213267	+	NM_001330265	INTRON	3	6	9	15	0	1	0	8	16	3	2	2	9	0	2	20	2	3	9	4	11	4	3	3
chr17	65344770	65346344	-	NM_001316341	INTRON	3	3	4	15	0	0	5	15	57	14	4	0	0	1	0	41	0	0	4	6	6	1	0	0
chr12	6765964	6772230	-	NM_001127582	INTRON	2	6	0	3	0	3	0	3	6	3	0	0	1	2	1	10	0	0	2	4	2	0	0	6
chr9	429854	432166	+	NM_001190458	INTRON	0	0	0	0	0	0	0	0	0	0	0	1	0	0	0	0	0	0	0	0	0	0	0	0
chr10	103919781	103919978	+	NM_001284388	INTRON	0	0	0	0	0	0	0	0	2	0	0	0	0	0	0	0	0	0	0	0	0	0	0	0
chr10	89720750	89720863	+	NM_000314	INTRON	0	0	0	0	0	0	0	0	0	0	0	0	10	0	0	0	0	0	0	0	0	0	0	0
chr6	3123994	3127475	+	NM_001302777	INTRON	0	2	0	1	1	0	0	0	0	0	1	0	0	0	0	0	0	0	0	0	1	0	0	2
chr22	24734445	24743053	+	NM_001254733	INTRON	7	10	4	9	1	0	4	10	11	4	0	2	2	3	0	29	1	4	0	5	2	1	2	3
chrX	153582851	153582983	-	NM_001110556	INTRON	0	3	0	3	0	0	0	4	9	9	2	0	0	0	1	2	3	0	0	0	1	0	1	2
chr10	70960255	70962198	+	NM_001301683	INTRON	0	1	0	0	0	0	0	0	3	0	0	0	0	0	0	1	0	0	0	0	2	0	0	0
chr3	111847071	111849291	-	NM_001190260	INTRON	1	2	1	0	0	0	0	1	4	0	0	0	0	0	1	3	0	0	0	0	0	0	1	0
chr12	111079432	111080053	+	NM_001082537	INTRON	2	0	2	2	0	0	1	3	0	1	1	0	0	2	0	3	0	0	0	2	0	1	0	0
chr4	62845490	62849100	+	NM_001322246	INTRON	0	0	0	1	0	0	0	0	0	0	0	0	0	0	0	0	0	0	0	0	0	0	0	0
chr11	5542141	5542850	-	NR_133006	INTRON	0	1	0	0	0	0	0	0	0	0	0	0	0	0	0	0	0	0	0	2	0	0	0	0
chr1	19411550	19412638	-	NM_020765	INTRON	0	0	0	2	0	0	0	0	0	0	0	0	0	0	0	0	0	0	0	0	0	0	0	0
chr12	10312626	10327880	+	NM_001172632	INTRON	0	1	0	0	0	0	0	0	0	0	0	0	0	0	0	0	0	0	0	0	0	0	0	0
chr2	216211664	216213396	+	NM_004044	INTRON	1	0	1	0	0	0	2	0	0	0	0	0	0	0	0	0	0	0	0	0	0	0	0	1
chr15	45021750	45023560	+	NR_125376	INTRON	14	22	21	47	5	0	10	29	63	20	8	8	7	4	2	57	3	8	12	11	17	6	5	7
chr13	31724319	31725083	-	NM_001286503	INTRON	5	25	6	48	1	1	2	19	54	14	4	2	2	0	1	82	3	2	7	10	14	2	3	3
chr20	47642005	47662392	-	NM_006420	INTRON	0	0	0	0	0	0	0	1	0	0	0	0	0	0	0	0	0	0	0	0	0	0	0	0
chr15	44776532	44778748	+	NM_016396	INTRON	0	0	0	0	0	0	0	0	1	0	0	0	0	0	0	0	0	0	0	0	0	0	0	0
chr20	39690130	39704810	+	NM_003286	INTRON	13	2	17	6	2	1	7	4	66	2	3	7	0	14	1	55	0	11	1	16	7	6	0	1
chr1	19238577	19243396	-	NM_001136265	INTRON	4	10	0	5	0	0	2	2	11	0	1	0	0	0	1	12	0	1	2	3	5	1	0	2
chr3	129115983	129116253	-	NR_002992	INTRON	0	0	0	0	0	0	0	0	0	0	0	0	1	0	0	0	0	0	0	2	0	0	0	0
chr15	52186924	52188615	+	NM_014547	INTRON	0	0	0	0	0	0	0	0	0	0	0	2	0	0	0	0	0	0	0	0	0	0	0	0
chr3	14180797	14183092	+	NM_024334	INTRON	0	2	0	2	1	0	1	4	5	1	4	0	0	6	0	3	0	2	0	0	3	2	0	0
chr4	2254249	2259708	-	NM_006454	INTRON	0	11	0	5	2	0	0	10	0	1	0	0	0	0	0	0	0	0	2	1	7	0	1	2
chr11	65484457	65486060	+	NM_032193	INTRON	0	1	2	1	0	0	0	0	7	0	0	0	0	0	0	1	0	0	0	1	2	2	0	0
chr15	91449727	91450015	+	NM_001320977	INTRON	0	0	0	0	0	0	0	0	0	0	0	0	1	0	0	0	0	0	0	0	1	0	0	0
chr18	20814668	20815858	-	NM_001100619	INTRON	0	0	0	0	0	0	2	0	0	0	0	0	0	0	0	0	0	0	0	0	0	0	0	0
chr8	190907	192886	+	NM_001042415	INTRON	0	1	0	1	0	0	0	0	8	0	0	0	0	0	0	3	0	2	1	0	0	2	0	3
chr1	915349	915394	-	NM_001291367	INTRON	0	1	0	0	0	0	0	0	0	0	0	0	0	0	0	0	0	0	0	0	0	0	0	0
chr17	7579331	7579505	-	NM_000546	INTRON	0	0	0	0	0	0	0	0	0	0	0	0	0	0	0	0	0	0	0	0	0	1	0	0
chr11	5616580	5618096	-	NM_058166	INTRON	0	0	0	0	0	0	0	0	0	0	0	0	0	0	0	1	0	0	0	0	0	0	0	0
chr10	88630688	88635807	+	NM_004329	INTRON	0	0	0	0	1	0	0	0	0	0	0	0	0	0	0	0	0	0	0	0	0	0	0	0
chr3	141896447	141900302	-	NM_001039547	INTRON	0	0	0	0	0	0	0	0	2	1	0	0	0	0	0	1	1	0	0	0	0	0	0	0
chr17	41104685	41105740	-	NM_001136042	INTRON	0	0	1	0	1	0	0	0	1	0	0	1	3	0	0	0	0	0	0	0	0	1	1	0
chr22	29611028	29621121	+	NM_001267895	INTRON	0	0	0	0	0	0	0	0	0	0	0	0	0	0	2	0	0	0	0	0	0	0	0	0
chr6	42936236	42936611	-	NM_000287	INTRON	0	1	0	1	0	0	0	3	1	1	0	0	2	2	0	2	0	0	0	0	2	0	0	0
chr6	20534805	20535581	+	NM_017774	INTRON	1	4	0	3	0	0	1	2	3	5	0	0	0	0	0	9	0	0	1	0	2	0	0	2
chr17	63554854	63563357	-	NM_004655	INTRON	0	0	0	0	0	0	0	0	0	0	0	0	0	0	3	0	0	0	0	0	0	0	0	0
chr13	113439571	113459270	+	NM_015205	INTRON	0	0	1	0	0	0	3	3	2	0	0	0	0	0	0	3	0	0	0	0	0	0	0	0
chr19	55144211	55144439	+	NM_001081637	INTRON	0	0	0	0	0	0	0	0	1	0	0	0	0	0	0	0	0	0	0	0	0	0	0	0
chr16	5147354	5147644	-	NM_001289029	INTRON	0	0	0	0	0	0	0	0	0	0	0	0	0	0	0	0	0	0	0	0	0	0	0	1
chr14	50205115	50329296	-	NM_172193	INTRON	0	1	0	0	0	0	0	0	0	0	0	0	0	0	0	0	0	0	0	0	0	0	0	0
chr15	52668755	52671821	-	NM_000259	INTRON	3	9	0	3	1	1	4	26	6	0	0	1	1	0	0	10	0	4	3	1	4	0	0	3
chr11	76075476	76076895	-	NR_130898	INTRON	1	3	0	1	0	0	1	0	2	0	0	2	0	0	0	3	0	0	0	0	0	0	0	1
chr20	55966874	55967452	+	NM_001291780	INTRON	0	0	2	1	0	0	0	1	3	0	0	0	0	0	1	0	0	0	0	0	0	0	0	0
chr9	100767435	100769915	+	NM_006401	INTRON	0	0	0	0	0	0	0	0	2	0	0	0	0	0	0	1	0	0	0	0	0	0	0	0
chr12	95531454	95546586	-	NM_018351	INTRON	0	0	1	0	0	0	0	0	0	0	0	0	0	0	0	0	0	0	0	0	0	1	0	0
chr2	47705599	47705639	+	NM_000251	INTRON	14	0	0	0	0	0	0	0	0	0	0	0	0	0	0	0	0	0	0	0	0	0	0	0
chr12	103696337	103762664	-	NM_001099336	INTRON	0	1	0	2	0	0	0	0	0	0	0	0	0	0	0	0	0	0	0	0	0	0	0	0
chr3	142094786	142095320	-	NM_001282857	INTRON	3	4	2	1	4	0	3	7	7	7	1	3	2	2	2	15	0	3	0	2	1	1	1	2
chr13	27828371	27829387	+	NM_000982	INTRON	0	0	0	0	4	0	0	0	0	0	0	0	0	0	0	0	4	0	0	2	0	0	0	0
chr5	132161874	132163152	-	NM_133456	INTRON	0	0	0	0	0	0	0	0	0	0	0	0	0	0	0	0	0	0	1	0	0	0	0	0
chr16	1412743	1412825	+	NM_032520	INTRON	0	8	0	3	0	1	2	3	12	0	1	1	1	1	1	8	0	0	5	4	4	0	0	0
chr17	72860686	72860945	-	NM_001258012	INTRON	3	7	2	9	1	1	1	9	20	10	0	1	2	0	0	12	0	0	7	0	3	1	0	3
chr15	40324438	40324957	+	NM_001013703	INTRON	7	2	1	2	0	1	2	6	19	2	0	1	0	1	1	20	2	2	2	1	4	2	0	5
chr22	24036584	24037359	-	NR_024448	INTRON	0	0	0	0	0	0	0	1	0	0	0	0	0	0	0	0	0	0	0	0	0	0	0	0
chr3	49397815	49405860	-	NM_001313943	INTRON	0	0	0	3	0	0	0	0	0	0	0	0	0	0	0	1	0	0	0	0	2	0	0	0
chr2	37473338	37474598	+	NM_001083946	INTRON	4	9	4	6	1	1	0	7	23	4	3	0	2	2	1	21	0	6	0	3	5	0	1	3
chr19	14517772	14517900	+	NM_001025160	INTRON	0	0	0	0	0	0	0	0	0	1	0	0	0	0	0	0	0	0	0	0	0	0	0	0
chr17	79257302	79258649	-	NM_001037984	INTRON	0	1	0	1	0	0	0	0	0	0	0	0	0	0	0	0	1	0	0	0	2	0	0	0
chr5	65346794	65349233	+	NM_001006600	INTRON	7	17	2	15	0	0	4	8	37	9	3	2	3	5	0	44	0	6	3	5	0	0	0	1
chr15	41102414	41102585	+	NM_001077268	INTRON	1	0	0	0	0	0	2	0	0	0	0	0	0	0	0	0	0	0	0	0	0	0	0	0
chr1	227128100	227149077	+	NM_020247	INTRON	0	0	0	0	0	0	0	0	1	0	0	0	0	0	2	0	0	0	0	0	0	0	0	2
chr2	70121150	70122225	+	NM_006857	INTRON	0	8	0	11	0	0	1	17	7	3	2	1	0	0	1	2	2	0	5	0	4	1	0	2
chr2	64147688	64148339	-	NM_001005739	INTRON	0	0	0	1	0	0	0	0	0	0	0	0	0	0	0	0	0	0	0	0	0	0	0	0
chr3	155621749	155623948	+	NM_003875	INTRON	11	1	9	12	3	0	3	4	36	0	4	1	2	2	0	17	1	0	2	7	0	2	1	2
chrX	100646523	100646545	+	NM_001199972	INTRON	0	0	0	0	0	0	0	0	0	0	0	0	0	0	0	0	2	0	0	0	0	0	0	0
chr6	37347971	37348925	+	NM_003958	INTRON	0	0	0	0	0	0	0	0	0	1	0	0	0	0	0	0	0	0	0	0	0	0	0	0
chr2	37364160	37365412	-	NM_001135651	INTRON	1	24	4	15	2	0	5	19	68	12	13	2	4	2	2	63	0	0	4	11	5	2	1	10
chr17	60072726	60100245	-	NM_005121	INTRON	0	0	0	0	0	0	0	0	0	0	0	0	0	0	0	0	0	0	0	0	1	0	0	0
chr14	75528465	75528586	-	NR_126393	INTRON	0	1	0	0	0	0	0	0	0	0	0	0	0	0	0	0	0	0	0	0	0	0	0	0
chr2	191885593	191890368	+	NR_136318	INTRON	0	0	0	0	1	0	0	0	0	0	0	0	0	0	0	0	0	0	0	0	0	0	0	0
chr17	66440730	66446868	-	NM_001320772	INTRON	0	3	3	10	1	4	0	2	17	3	1	1	0	1	0	7	0	0	1	0	1	0	2	5
chr13	49765520	49771012	+	NM_001079673	INTRON	4	2	2	2	0	2	1	14	13	2	4	2	1	3	0	16	1	1	3	2	7	0	1	1
chr12	53607898	53608355	-	NM_000966	INTRON	0	0	0	0	0	0	0	0	0	0	0	0	0	0	0	1	0	0	0	0	0	0	0	0
chr11	7024086	7041303	-	NM_013249	INTRON	0	0	0	1	0	0	0	2	1	0	1	0	0	1	0	0	1	0	0	0	0	0	0	0
chr13	48517580	48523074	-	NM_003850	INTRON	0	4	3	14	0	0	1	7	29	5	0	4	0	1	2	15	0	1	0	3	0	0	1	2
chr3	72148162	72149054	-	NR_104116	INTRON	3	7	1	1	0	2	2	1	6	0	0	0	0	0	0	3	0	1	0	1	0	0	0	0
chr17	28808275	28811231	+	NM_004871	INTRON	17	4	4	3	0	0	5	8	26	6	4	1	0	6	0	37	1	4	2	6	9	1	1	2
chr15	85643297	85643386	+	NM_001243137	INTRON	3	4	3	4	3	0	0	3	5	0	2	1	0	1	0	26	1	9	0	1	5	1	0	4
chr15	66829601	66832435	+	NM_001287821	INTRON	1	8	0	14	0	0	4	3	24	0	1	1	0	0	1	9	1	2	9	3	4	1	0	1
chr14	39784003	39784862	+	NM_001247988	INTRON	0	0	0	0	0	0	0	0	0	0	0	0	0	0	0	0	0	0	0	1	0	0	0	0
chr16	24833468	24834194	+	NM_001330520	INTRON	5	2	4	5	1	0	1	3	6	0	1	1	1	2	2	13	0	3	2	2	3	2	0	0
chr17	59981946	59984768	-	NM_001330417	INTRON	4	2	1	0	0	1	0	3	4	1	0	0	2	0	0	2	0	1	2	1	1	1	0	0
chr1	31414119	31414844	-	NM_001020658	INTRON	1	2	1	7	0	0	2	3	34	5	5	0	0	3	0	20	0	2	2	4	0	1	0	2
chr10	94214296	94220947	-	NM_001165946	INTRON	0	1	0	0	0	0	0	0	0	0	0	0	0	0	0	0	0	0	0	0	0	0	0	0
chr11	116741117	116744196	-	NM_001281748	INTRON	0	1	2	0	2	0	2	0	13	2	0	0	0	0	0	5	0	1	1	0	0	1	0	0
chr5	80150135	80171569	+	NM_002439	INTRON	0	0	0	0	0	0	0	0	11	0	0	1	0	0	0	13	0	0	0	0	0	0	0	0
chr2	68615622	68620279	+	NM_002664	INTRON	0	0	0	0	0	0	0	0	3	0	0	0	0	0	0	0	0	0	0	0	0	0	0	0
chr10	89640196	89685272	+	NM_000314	INTRON	0	0	0	0	0	0	0	0	0	0	0	0	0	0	0	0	0	4	0	0	0	0	0	0
chr4	845762	853393	-	NM_001318134	INTRON	0	2	1	1	0	1	0	3	14	0	0	0	0	0	2	4	0	5	3	0	1	0	0	3
chr10	89005969	89037950	-	NR_024397	INTRON	0	0	0	0	0	0	0	0	0	0	0	0	0	1	0	0	0	0	0	0	0	0	1	0
chr16	21738480	21739561	+	NM_001161683	INTRON	1	0	0	0	0	0	0	0	0	0	0	0	0	0	0	0	0	0	0	0	0	0	0	0
chr1	160715371	160759584	-	NM_001282588	INTRON	0	0	0	0	0	0	0	0	0	0	0	0	0	0	0	0	0	0	2	0	0	0	0	0
chr14	21878147	21881071	-	NM_001170629	INTRON	5	10	7	22	0	0	9	11	31	5	1	2	3	3	1	37	2	1	4	4	7	2	1	4
chr16	21976733	21987497	+	NM_003366	INTRON	0	0	0	0	0	0	0	0	0	0	0	0	0	0	0	0	0	0	0	0	2	0	0	0
chr22	18138524	18165979	+	NM_001270728	INTRON	0	0	0	0	0	0	0	2	0	0	0	0	0	0	0	0	0	0	0	0	0	0	0	0
chr17	12883550	12887847	+	NM_001321164	INTRON	0	0	0	1	0	0	0	0	0	0	0	0	0	0	0	0	0	0	0	0	1	0	0	0
chr15	55604392	55640529	-	NM_001308421	INTRON	0	0	0	0	0	0	0	0	0	0	0	0	1	0	0	0	0	0	0	0	0	0	0	0
chr3	112724789	112727017	-	NM_001319109	INTRON	0	0	0	1	0	0	0	1	1	0	0	0	0	0	2	1	0	0	0	0	1	0	0	0
chr19	44622467	44622634	+	NM_001321685	INTRON	1	5	0	2	0	0	0	3	7	0	0	0	0	0	1	11	0	0	2	4	4	0	1	3
chr17	73698651	73699887	+	NM_001301839	INTRON	0	0	0	0	0	0	0	0	2	0	0	0	0	0	2	5	0	0	0	0	4	0	0	0
chr15	62993413	62994190	+	NM_015059	INTRON	0	0	1	0	0	0	0	0	0	0	0	0	0	0	0	0	0	0	0	0	0	0	0	0
chr2	159922483	159946095	+	NM_001145909	INTRON	0	1	0	0	0	0	0	0	0	0	0	0	0	0	0	0	0	0	0	0	0	0	0	0
chr3	129007840	129017196	+	NM_001006109	INTRON	1	1	0	0	0	1	0	0	3	0	0	1	0	1	2	2	1	0	1	0	3	0	0	0
chr18	2656260	2666868	+	NM_015295	INTRON	0	1	0	0	0	0	0	0	0	0	0	0	0	0	0	0	0	0	0	0	0	0	0	0
chr17	41323680	41327807	+	NM_001291571	INTRON	1	1	0	0	0	0	0	0	0	0	0	4	0	0	0	0	0	0	0	0	4	0	0	0
chr2	220081187	220082846	-	NM_005689	INTRON	0	0	0	0	0	0	0	0	1	0	0	0	0	0	0	0	0	0	0	0	0	0	0	0
chr1	97243502	97244545	+	NM_001300985	INTRON	0	0	0	0	0	0	0	0	0	0	0	0	0	0	0	0	0	0	0	1	0	0	0	0
chr1	79094684	79095677	+	NM_006820	INTRON	0	2	0	0	0	0	0	0	2	0	0	0	0	0	0	2	0	0	0	0	4	0	0	0
chr19	5896586	5896915	-	NM_001193375	INTRON	3	47	3	78	2	11	0	57	21	17	4	2	13	3	4	13	5	6	19	2	25	2	7	19
chr4	108622441	108641159	-	NM_005443	INTRON	0	0	0	0	0	0	0	0	0	0	0	0	0	0	0	0	0	0	0	1	0	0	0	0
chr11	16863269	16872737	-	NM_001329630	INTRON	0	0	0	0	0	0	0	0	0	0	0	0	0	0	0	1	0	1	0	0	0	0	0	0
chr17	33444056	33446550	-	NM_002878	INTRON	14	2	0	0	0	0	0	0	0	0	0	0	0	0	0	0	0	0	0	0	0	0	0	0
chr19	19257656	19257844	-	NM_001145785	INTRON	0	0	0	0	0	0	0	1	0	0	0	0	0	0	0	0	0	0	0	0	0	0	0	0
chr1	24506617	24507220	-	NM_170743	INTRON	0	0	0	0	0	0	0	1	0	1	0	0	0	0	0	1	0	0	0	0	0	0	0	0
chr15	75631685	75632042	+	NM_001284377	INTRON	0	1	0	7	0	1	2	4	2	0	0	0	0	0	0	2	0	0	0	0	1	0	3	0
chr10	70182647	70190192	-	NM_001080449	INTRON	2	3	1	13	0	0	0	6	7	3	0	0	0	1	0	5	0	2	0	1	0	0	0	0
chr9	130580990	130581237	+	NM_000118	INTRON	0	0	0	0	0	0	0	0	0	0	0	0	0	0	0	0	0	2	0	0	0	0	0	0
chr1	3624355	3638584	+	NM_001126240	INTRON	0	0	0	2	0	0	4	2	16	1	0	2	0	0	1	8	0	1	0	1	0	3	3	0
chr17	37356996	37357465	+	NM_001330200	INTRON	0	2	0	0	0	0	2	2	1	0	1	0	1	0	0	6	1	0	2	0	0	0	0	0
chr17	42786734	42800247	+	NM_025104	INTRON	2	1	1	0	0	0	0	1	5	0	2	1	0	0	0	4	0	3	0	1	1	1	0	0
chr18	21181273	21192055	-	NM_001308238	INTRON	0	0	1	0	0	0	0	1	0	0	0	0	0	0	0	9	0	0	0	3	1	1	0	0
chr6	107011801	107016346	+	NM_001624	INTRON	5	18	3	29	1	2	6	21	123	18	10	2	1	9	4	55	2	3	3	1	13	5	3	13
chr6	116439108	116542216	+	NM_000493	INTRON	10	9	1	3	0	0	6	1	42	1	10	5	1	0	0	27	1	3	2	5	0	3	0	1
chr16	3188542	3188745	+	NR_104432	INTRON	0	2	0	0	0	0	0	2	0	0	0	0	0	0	0	0	0	0	0	0	0	0	0	0
chr8	104066214	104068095	+	NM_001695	INTRON	0	0	0	0	0	0	1	0	0	0	0	0	0	0	0	0	0	0	0	0	0	0	0	0
chr9	139115699	139115852	-	NM_181701	INTRON	1	4	1	6	0	0	0	3	11	0	0	1	0	2	0	2	0	3	1	0	3	0	0	2
chr2	191548553	191550204	+	NM_001321312	INTRON	0	0	0	0	0	0	2	2	8	0	0	0	0	1	0	9	0	0	0	0	2	0	0	0
chr2	190609514	190611105	+	NM_144708	INTRON	0	0	0	0	0	0	0	0	1	0	0	0	0	0	0	0	0	0	0	0	0	0	0	0
chr11	1958233	1959667	+	NM_001042781	INTRON	0	0	0	0	0	0	0	0	1	0	0	0	0	1	0	0	0	0	0	0	0	0	0	0
chr5	115205825	115249058	+	NM_001002924	INTRON	0	0	0	0	0	0	0	0	2	0	0	0	0	0	0	0	0	0	0	0	0	0	0	0
chr10	28824686	28824838	+	NM_016628	INTRON	0	0	1	1	0	2	0	0	1	1	0	0	2	0	0	3	0	1	2	1	6	0	0	2
chr1	21107033	21113006	-	NM_016287	INTRON	0	1	0	2	0	0	1	0	0	0	0	0	0	0	0	0	0	0	2	0	0	0	0	0
chr1	52272585	52275952	-	NM_001101662	INTRON	0	0	0	0	0	0	0	0	0	0	0	0	0	0	0	1	0	0	0	0	0	0	0	0
chr5	64907708	64909924	-	NM_001656	INTRON	0	2	0	2	0	0	0	0	1	0	0	1	0	0	0	3	0	0	2	0	2	0	0	0
chr12	111950083	111951160	-	NM_001310121	INTRON	0	0	0	0	0	0	0	0	0	0	0	0	0	0	0	0	0	0	0	0	0	1	0	0
chr6	97616116	97618622	-	NM_198468	INTRON	0	0	0	0	0	0	0	0	0	0	0	0	0	0	0	0	0	0	0	0	0	0	1	0
chr19	9649021	9649250	-	NM_001300883	INTRON	0	8	1	2	0	0	1	2	2	0	0	0	0	0	0	3	0	0	0	0	0	1	0	2
chr12	114395855	114397016	-	NM_001146698	INTRON	5	5	6	11	3	8	1	6	13	3	1	3	5	7	5	10	6	4	6	11	7	7	4	7
chr12	50044661	50044950	-	NM_175736	INTRON	14	4	6	0	0	0	5	0	23	0	3	1	0	1	0	18	1	3	0	0	0	0	0	1
chr1	214504413	214505360	+	NM_020197	INTRON	1	7	1	10	2	0	0	6	11	3	3	0	2	3	4	14	0	2	3	0	2	2	0	3
chr11	126136173	126136363	-	NM_001177842	INTRON	0	0	1	0	0	0	1	0	1	0	0	0	0	0	0	2	0	0	0	0	0	2	0	0
chr13	32924595	32953928	+	NM_000059	INTRON	0	0	0	0	0	0	0	0	0	0	0	0	1	0	0	0	0	0	0	0	0	0	0	0
chr7	26111247	26249816	+	NM_004289	INTRON	0	0	0	0	0	0	0	0	0	0	0	0	0	0	0	0	0	1	0	0	0	0	0	0
chr8	22385030	22386018	+	NM_001243974	INTRON	4	4	2	11	2	0	2	13	90	15	3	1	1	4	2	28	3	2	6	9	8	7	2	6
chr1	161008463	161008669	-	NM_001113205	INTRON	0	0	0	4	0	0	0	3	0	0	0	0	2	0	4	0	4	0	0	0	2	0	0	3
chr5	80021925	80024669	+	NM_002439	INTRON	0	0	0	0	16	0	0	0	0	0	0	0	0	0	0	0	0	0	0	0	0	0	0	0
chr18	8625992	8633186	+	NM_001025300	INTRON	1	1	3	1	3	11	0	1	0	2	0	0	6	0	0	0	0	0	0	0	1	5	3	0
chr14	74194227	74196342	-	NM_001043318	INTRON	7	0	2	2	0	0	4	2	7	3	0	8	0	0	0	19	0	0	0	5	0	0	0	0
chr7	129029575	129037062	+	NM_001130720	INTRON	0	1	0	1	0	0	0	0	3	0	0	0	0	0	0	1	0	0	1	2	0	0	0	1
chr9	95051708	95055722	-	NR_037424	INTRON	0	6	1	2	0	0	2	3	2	2	0	0	0	1	0	6	0	0	1	1	1	0	0	4
chr2	37450540	37454686	-	NM_005760	INTRON	0	0	0	0	0	0	1	1	0	0	0	1	0	0	0	0	0	0	0	0	0	0	0	0
chr13	40918342	40924245	-	NR_024506	INTRON	0	0	0	0	0	0	0	0	2	0	0	0	0	0	0	0	0	0	0	0	0	0	0	0
chr3	196664502	196666121	-	NM_001308036	INTRON	0	1	0	1	0	0	0	0	1	0	0	1	0	1	0	3	0	0	0	0	0	0	0	0
chr7	139653255	139655257	+	NM_001061	INTRON	3	2	0	0	2	0	2	2	4	0	0	0	0	0	0	0	0	1	3	0	0	1	0	2
chr11	102188302	102192567	+	NM_001165	INTRON	11	17	4	26	0	0	8	44	20	9	0	4	6	0	6	28	4	7	4	0	9	2	2	10
chr20	61711774	61713533	+	NR_033370	INTRON	0	0	0	0	0	0	0	0	0	0	0	0	0	0	1	0	0	0	0	0	0	0	0	0
chr1	167974031	167992225	+	NM_001198956	INTRON	0	0	0	0	1	0	3	0	13	1	1	0	0	0	0	14	0	0	0	1	3	0	0	2
chr18	59966093	59967523	+	NM_001346229	INTRON	0	0	0	0	0	0	0	0	0	0	0	0	0	0	0	1	0	0	0	0	0	0	0	0
chr19	36706091	36719649	+	NM_001099638	INTRON	0	0	0	2	0	0	1	0	0	0	0	0	1	0	1	0	0	0	0	0	0	0	0	0
chr12	125271049	125271951	-	NM_001082959	INTRON	7	0	4	1	2	0	1	0	36	0	4	4	0	2	1	19	0	5	1	6	4	3	0	2
chr12	110341019	110341741	+	NM_001143852	INTRON	1	8	1	1	2	3	0	3	2	0	1	3	2	0	0	1	2	0	4	0	4	1	0	0
chr8	144728977	144732067	+	NM_014789	INTRON	1	0	0	1	0	0	0	0	0	0	0	2	1	0	0	0	0	1	0	0	0	0	0	0
chr3	4808394	4810194	+	NM_001099952	INTRON	2	3	2	3	1	1	0	5	7	10	1	0	1	0	1	15	2	0	2	2	3	0	1	1
chrUn_gl000220	113647	157532	+	NR_046235	INTRON	0	0	0	0	0	0	0	0	0	0	0	0	0	0	1	0	0	0	0	0	0	0	0	0
chr12	120960166	120966742	-	NM_032314	INTRON	1	7	4	13	6	3	2	5	15	3	2	0	7	5	3	3	1	4	11	4	8	3	6	12
chr16	3352009	3353758	-	NM_033208	INTRON	0	0	0	0	0	0	0	0	1	0	0	0	0	0	0	0	0	0	0	0	0	0	0	0
chr2	207027338	207027452	+	NM_001037663	INTRON	132	248	90	325	23	21	91	296	676	76	181	30	21	228	92	540	29	54	95	74	103	55	77	79
chr4	169206086	169206543	-	NM_017631	INTRON	5	7	0	4	0	0	1	5	5	4	0	0	0	0	0	14	0	0	6	0	0	2	0	0
chr3	25679801	25683812	-	NM_001068	INTRON	4	10	2	12	0	0	1	4	12	2	0	1	1	0	3	20	0	4	0	8	2	0	0	1
chr6	41653975	41654831	-	NM_001167827	INTRON	14	8	3	1	8	1	6	9	73	10	10	5	3	7	2	47	2	11	0	14	3	3	1	8
chrX	135303122	135304551	-	NM_001173516	INTRON	0	0	0	1	0	0	0	2	7	0	0	0	0	1	1	5	0	0	0	0	1	0	0	0
chr16	20844445	20851076	+	NM_001144924	INTRON	3	0	0	2	0	2	0	2	14	0	0	3	2	0	2	5	2	0	2	0	2	1	0	0
chr3	48577204	48581012	-	NM_001317134	INTRON	0	0	1	0	0	0	0	6	14	6	2	0	0	0	0	9	0	0	0	4	0	0	0	2
chr2	73994334	73996391	-	NM_003584	INTRON	16	14	1	1	1	2	2	15	23	6	4	2	0	2	0	33	0	6	7	5	3	4	2	4
chr6	53365148	53365229	-	NM_001197115	INTRON	1	4	0	4	0	0	0	2	4	0	1	0	0	1	0	13	0	0	0	1	0	0	0	0
chr2	37440248	37440579	+	NR_136316	INTRON	0	0	0	0	0	0	0	0	0	0	0	0	1	0	0	1	0	0	0	0	0	0	0	0
chr17	7579940	7587456	-	NM_001126118	INTRON	0	0	0	0	0	0	0	0	0	0	0	0	0	4	0	0	0	0	0	0	0	0	0	0
chr1	202129248	202133042	+	NM_002832	INTRON	0	0	0	0	0	0	0	0	0	0	1	0	0	0	0	0	0	0	0	0	0	0	0	0
chr5	138526025	138532129	-	NM_001037633	INTRON	0	0	0	0	0	0	0	0	1	0	0	0	0	0	0	0	0	0	0	0	0	0	0	0
chr16	2027671	2027742	+	NM_006453	INTRON	0	2	0	4	0	0	0	7	2	2	0	0	0	0	0	0	0	0	0	1	4	1	0	0
chr22	29134185	29137769	-	NM_001005735	INTRON	0	0	0	0	0	0	0	0	0	0	0	0	0	0	0	0	0	0	3	0	0	0	0	0
chr11	33757939	33783299	-	NM_000611	INTRON	0	0	0	0	0	0	0	0	0	0	0	0	0	0	0	0	0	0	0	0	0	0	1	0
chr15	90129173	90135277	+	NM_001308025	INTRON	1	0	1	0	2	0	0	0	1	0	0	1	0	0	0	1	0	1	0	0	0	0	0	0
chr10	91102751	91152395	+	NM_001010987	INTRON	0	0	0	0	0	0	0	0	0	0	0	0	0	0	0	0	0	0	0	0	0	0	0	1
chr18	47017953	47018130	-	NM_001035006	INTRON	0	0	0	0	0	0	0	0	3	0	0	0	0	0	0	0	0	0	0	3	0	0	0	1
chr10	89711941	89711988	+	NM_000314	INTRON	0	0	0	0	0	0	0	0	0	0	0	0	0	0	0	0	10	0	0	0	0	0	0	0
chr7	74308605	74310237	+	NR_027775	INTRON	0	2	0	0	0	0	0	0	0	0	0	0	0	0	0	0	0	0	0	0	0	0	0	0
chr12	6635781	6636056	+	NM_014865	INTRON	7	17	13	24	1	2	2	9	36	3	1	8	4	6	2	20	0	6	5	3	10	3	15	5
chr3	41266244	41266444	-	NM_001098209	INTRON	0	0	0	0	0	0	0	0	0	13	0	2	7	1	0	0	6	1	0	2	3	0	2	0
chr17	12844441	12846904	+	NM_001321164	INTRON	1	0	0	0	0	0	0	0	0	0	2	0	0	0	0	0	0	0	0	0	0	0	0	1
chr1	52975790	52981562	-	NM_001009881	INTRON	0	0	0	0	0	0	0	0	0	0	0	0	0	0	0	1	0	0	0	0	0	0	0	0
chr11	57414267	57414371	-	NM_145008	INTRON	0	0	0	0	0	0	0	0	0	0	0	0	0	0	0	1	0	0	0	0	0	0	0	0
chr4	105564080	105564477	+	NR_125926	INTRON	0	1	0	2	0	0	0	0	0	0	0	0	0	0	0	0	0	0	0	0	0	0	0	0
chr19	52384130	52394085	-	NM_001135590	INTRON	1	1	0	0	0	0	0	1	1	1	0	1	0	0	0	2	0	3	1	0	0	0	0	1
chr14	94413866	94415122	-	NR_039728	INTRON	0	0	0	0	0	1	0	0	0	0	0	0	0	0	0	0	0	0	0	0	0	0	0	0
chr19	41837115	41838032	-	NM_000660	INTRON	1	0	2	0	0	0	0	2	6	0	2	0	0	0	0	10	0	1	0	0	2	0	0	1
chr6	107001442	107006360	+	NM_001624	INTRON	0	0	0	0	0	0	0	0	0	0	0	0	0	0	0	1	0	0	0	0	0	0	0	0
chr9	115092754	115095749	-	NM_001244898	INTRON	0	0	2	1	0	0	0	2	0	2	0	0	0	0	0	1	0	0	0	0	0	0	0	0
chr17	30932259	30965739	-	NM_001303279	INTRON	3	1	1	0	0	0	1	0	9	1	4	0	0	0	0	4	1	2	1	2	0	0	0	1
chr1	68152792	68153343	+	NM_001199741	INTRON	0	0	0	0	0	0	0	0	0	2	0	0	0	0	0	0	0	0	0	0	0	0	0	0
chr7	137593182	137597736	-	NM_001253775	INTRON	0	0	3	0	0	0	0	0	4	0	1	1	0	1	0	8	0	2	0	0	0	0	0	0
chr7	134625988	134631164	+	NM_004342	INTRON	0	0	0	1	0	0	0	0	0	0	0	0	0	0	0	0	0	0	0	0	0	0	0	0
chr11	64532990	64533422	-	NM_001178031	INTRON	1	0	0	0	0	0	0	0	0	0	0	0	0	0	0	0	0	0	0	0	0	0	0	0
chr7	5958535	5959479	+	NM_015622	INTRON	0	0	0	0	0	0	0	0	0	0	0	0	0	0	0	1	0	0	0	0	0	0	0	0
chr10	89720775	89720844	+	NM_000314	INTRON	0	0	0	0	0	0	0	0	0	0	0	0	0	0	0	0	0	0	4	0	0	0	0	0
chr1	93657663	93659172	+	NM_001306076	INTRON	1	0	1	8	0	0	0	7	12	0	0	2	0	0	0	9	0	0	10	0	0	0	0	0
chr5	37187674	37187834	-	NM_023073	INTRON	1	0	1	0	0	0	0	0	1	3	0	0	0	0	0	3	0	0	0	0	0	0	0	0
chr17	74722369	74729059	+	NM_001081461	INTRON	0	0	0	1	0	0	0	0	0	0	0	0	0	0	0	0	0	0	0	0	0	0	0	0
chr8	74859055	74859470	-	NM_001204857	INTRON	0	0	0	0	0	0	0	0	0	0	0	0	0	0	0	0	0	0	1	0	0	0	0	0
chr22	29130715	29137476	-	NM_001005735	INTRON	0	0	0	0	0	0	0	0	0	4	0	0	0	0	0	0	0	0	0	0	0	0	0	0
chr19	3192658	3193281	+	NM_001321463	INTRON	0	0	0	2	0	0	0	3	0	1	0	0	0	0	0	0	2	0	0	0	0	0	0	1
chr13	45919044	45944214	+	NR_024458	INTRON	0	0	0	0	0	0	0	0	0	0	0	0	0	0	0	0	0	0	0	2	0	0	0	0
chr9	108118662	108120624	+	NM_001286730	INTRON	0	1	1	0	0	0	1	0	6	4	3	1	1	0	0	10	0	2	1	5	3	3	0	0
chr6	34839702	34840089	+	NM_017754	INTRON	3	4	1	13	0	2	0	3	4	4	0	0	0	1	0	4	0	0	0	1	1	4	0	2
chr15	66833109	66838928	+	NM_001287821	INTRON	0	0	0	0	0	0	0	0	1	0	0	0	0	0	0	0	0	0	0	0	0	0	0	0
chr22	19504416	19506366	+	NM_001178010	INTRON	0	5	2	13	0	0	2	7	14	5	4	0	0	0	1	2	0	3	1	1	1	0	0	5
chr8	67336017	67338276	-	NR_040434	INTRON	1	0	0	0	0	0	0	0	0	0	0	0	1	1	0	2	2	0	0	0	0	1	0	0
chr2	112524572	112526773	-	NM_022662	INTRON	0	0	1	0	0	0	0	0	0	0	0	0	0	0	0	0	0	0	0	0	0	0	0	0
chr1	51929470	51930932	-	NM_001981	INTRON	10	8	13	19	2	1	2	11	25	5	2	3	2	2	1	20	4	3	1	1	11	2	2	2
chr19	11835069	11836015	-	NM_001080493	INTRON	0	3	0	16	1	1	1	5	0	1	0	2	0	0	5	14	0	1	2	0	3	0	0	3
chr9	33973235	33982217	-	NM_018449	INTRON	0	0	0	1	0	0	0	0	0	0	0	0	0	0	0	0	0	0	0	0	0	0	0	0
chr21	15889093	15889212	-	NM_001256370	INTRON	5	2	1	1	1	6	2	0	1	0	0	5	4	11	10	5	7	2	3	3	4	1	0	4
chr19	7527220	7527982	+	NM_001130955	INTRON	0	0	0	0	0	0	0	0	0	0	0	0	0	0	1	0	0	0	0	0	0	1	1	0
chr15	82824401	83208762	-	NM_001021	INTRON	0	0	0	0	0	0	0	0	1	0	0	0	0	0	0	0	0	0	0	0	0	0	0	0
chr10	1102819	1118055	+	NM_014023	INTRON	0	0	0	0	0	0	0	0	0	0	0	0	0	0	0	2	0	0	0	0	0	0	0	0
chr17	76129615	76129819	-	NM_152468	INTRON	0	0	0	1	0	0	0	1	0	0	0	0	2	0	0	0	0	1	1	0	0	0	0	1
chr15	51773820	51778269	-	NM_001174116	INTRON	5	8	0	8	0	1	0	7	5	2	2	0	0	1	0	6	0	0	1	1	3	1	0	0
chr5	75902862	75906844	+	NR_134278	INTRON	0	0	0	0	0	0	0	0	0	0	0	0	0	0	0	2	0	0	0	0	0	0	0	0
chr17	42229702	42230303	-	NM_001171251	INTRON	0	0	0	0	1	1	0	0	0	0	0	0	0	0	0	0	0	0	0	0	0	0	0	0
chr11	66203577	66204286	-	NM_016050	INTRON	0	0	0	1	0	0	0	0	0	0	0	0	0	0	0	0	0	0	0	0	0	0	0	0
chr1	104080106	104083411	+	NM_017619	INTRON	0	0	0	0	0	0	0	0	0	0	0	0	0	0	0	0	0	0	0	1	0	0	0	2
chr8	1719763	1728415	+	NM_018941	INTRON	0	0	0	1	0	1	2	0	12	3	1	0	1	1	1	4	0	0	0	1	1	1	0	0
chr9	115179224	115181139	+	NM_032303	INTRON	5	6	2	9	0	0	4	8	16	0	1	0	0	0	1	8	0	2	2	0	1	1	0	0
chr12	31227025	31231323	+	NM_004399	INTRON	1	1	0	3	0	0	0	3	9	6	2	1	0	1	0	2	0	2	0	0	0	3	0	0
chr5	76785397	76787994	-	NM_018268	INTRON	0	3	0	14	1	0	0	4	10	3	0	0	2	1	0	9	0	0	4	1	1	0	0	5
chr9	88635884	88636815	+	NM_001321881	INTRON	0	3	0	5	2	0	2	2	30	1	1	2	1	1	0	8	1	0	0	2	4	0	0	2
chr10	120820356	120820735	-	NM_003750	INTRON	2	14	7	21	4	0	3	13	39	10	9	5	1	8	3	66	2	6	0	4	12	3	1	3
chr1	224415372	224418927	-	NR_110668	INTRON	2	6	2	18	0	0	1	9	26	1	0	0	1	0	0	6	0	4	3	4	4	1	1	3
chr2	113941089	113942533	+	NM_012455	INTRON	1	0	2	3	2	0	1	6	12	0	0	1	0	5	1	13	1	5	2	0	1	2	0	2
chr2	182091266	182127555	+	NR_130784	INTRON	0	0	0	0	0	0	0	0	0	0	0	0	0	0	0	3	0	0	0	0	0	0	0	0
chr17	4901451	4901978	+	NM_006612	INTRON	0	0	0	0	0	1	0	0	0	0	0	0	0	0	0	0	0	0	0	0	0	0	0	0
chr12	56999847	57000030	+	NM_001300905	INTRON	0	0	0	0	2	0	0	0	0	0	0	0	0	0	0	0	0	2	0	1	0	0	0	0
chr20	15843471	15866408	+	NM_001033087	INTRON	0	0	0	0	0	0	0	0	0	0	0	0	0	0	0	3	0	0	0	0	0	0	0	0
chr20	33530809	33533755	-	NM_000178	INTRON	5	3	2	12	2	1	5	9	23	7	3	1	0	4	0	7	0	6	1	0	1	5	3	3
chr9	115171301	115179120	+	NM_032303	INTRON	10	12	3	10	0	0	0	15	21	1	0	0	0	2	0	18	0	6	3	4	5	3	0	3
chrX	62974556	62974898	-	NM_015185	INTRON	0	0	0	0	0	0	0	0	0	0	0	0	0	0	0	1	0	0	0	0	0	0	0	0
chr3	16345099	16346333	+	NM_001330670	INTRON	0	0	0	0	0	0	0	0	0	0	0	0	0	0	0	1	0	0	0	0	0	0	0	0
chr1	244736074	244745097	+	NM_001130957	INTRON	0	0	0	0	0	0	0	0	1	0	0	0	0	0	0	0	0	0	0	0	0	0	0	0
chr11	292095	292181	+	NM_025092	INTRON	0	0	0	0	0	0	0	0	0	0	0	0	0	0	0	0	1	0	0	0	0	0	0	0
chr7	72301136	72482065	+	NR_001588	INTRON	0	0	0	0	0	0	1	0	0	0	0	0	0	0	0	0	0	0	0	0	0	0	0	0
chr6	90039706	90042804	-	NM_016021	INTRON	2	1	0	0	0	0	0	2	5	0	0	0	0	0	2	0	0	0	0	0	1	0	1	0
chr3	172050965	172052733	+	NM_001135095	INTRON	2	0	1	4	0	1	1	5	4	1	0	2	0	1	1	11	1	1	0	1	0	1	1	5
chr20	32264785	32264910	-	NM_005225	INTRON	3	8	0	12	0	2	3	2	5	2	1	4	5	0	2	2	2	4	8	4	4	7	1	8
chr7	77396525	77407654	+	NM_198467	INTRON	0	0	0	0	0	0	0	0	1	0	0	0	0	0	0	0	0	0	0	0	0	0	0	0
chr3	23541231	23574044	+	NM_152653	INTRON	4	2	0	5	3	1	3	3	33	1	1	2	1	4	0	35	1	5	1	2	0	4	0	0
chr15	78839040	78873152	+	NM_001102667	INTRON	0	0	0	0	0	0	0	0	0	0	0	0	0	0	0	1	0	0	0	0	0	0	0	0
chr17	73132345	73142760	+	NM_001288611	INTRON	0	0	0	0	0	0	0	0	0	0	0	0	0	0	0	0	0	0	0	0	2	0	0	0
chr19	46201957	46202039	+	NM_001163377	INTRON	0	0	0	0	0	0	0	0	0	0	0	0	0	0	0	1	0	0	0	0	0	0	0	0
chr4	39891984	39900008	-	NM_001100400	INTRON	9	11	2	14	3	0	2	19	27	14	4	6	0	4	3	39	10	3	3	9	7	1	0	1
chr1	160063121	160063499	-	NM_001206665	INTRON	0	0	0	0	0	0	0	0	0	0	0	0	0	0	0	1	0	0	0	0	2	0	0	2
chr3	196650422	196654666	+	NM_152699	INTRON	1	8	2	3	1	0	1	2	10	4	2	3	0	1	3	12	1	0	2	3	0	1	3	0
chr22	36691763	36692888	+	NM_002473	INTRON	0	0	0	2	0	0	0	0	0	0	0	0	0	0	0	0	0	0	0	0	0	0	0	0
chr7	92161863	92163715	+	NM_032120	INTRON	2	8	3	6	0	0	2	4	22	5	2	1	0	1	1	26	0	7	1	2	1	1	1	0
chr3	131252416	131283433	+	NM_001289112	INTRON	0	0	0	1	0	0	0	0	0	0	0	0	0	0	0	0	0	0	0	0	0	0	0	0
chr11	118888763	118888991	-	NM_001028	INTRON	247	434	195	355	95	81	176	467	1051	183	353	115	84	596	196	1318	153	148	173	192	282	130	118	155
chr17	73615298	73615437	+	NM_001309242	INTRON	0	0	0	0	0	0	0	0	2	0	0	0	0	0	0	0	0	0	0	0	0	0	0	0
chr8	25298189	25301807	-	NM_017634	INTRON	1	2	1	7	2	0	0	2	25	3	1	1	0	1	1	11	0	1	3	1	2	0	0	0
chr8	109228739	109229562	-	NM_001568	INTRON	0	0	0	0	0	0	0	0	0	0	0	0	0	0	0	1	0	0	0	0	0	0	0	0
chr18	67957103	67991778	+	NM_004232	INTRON	0	0	0	0	0	0	0	0	0	0	0	0	0	0	1	2	0	0	0	0	0	0	0	0
chr17	56801461	56910196	+	NM_058216	INTRON	0	0	0	0	0	0	0	0	0	9	0	0	0	0	0	0	0	0	0	0	0	0	0	0
chr12	124137108	124137253	+	NM_001271866	INTRON	3	13	6	10	4	1	3	18	23	5	4	0	1	2	2	20	0	2	4	0	4	3	2	3
chr5	176619020	176627761	+	NM_022455	INTRON	0	0	0	0	0	1	0	0	0	0	0	0	0	0	0	0	0	0	0	0	0	0	0	0
chr11	119045983	119050401	+	NM_001282143	INTRON	1	0	1	1	0	0	0	2	3	1	0	0	0	0	0	2	2	0	2	1	0	0	0	0
chrX	48336906	48337004	+	NM_012280	INTRON	0	4	0	5	0	0	0	1	2	1	0	1	2	0	0	2	0	0	0	0	2	0	0	0
chr4	83279973	83280721	-	NM_001003810	INTRON	0	0	0	0	0	0	0	0	1	0	0	0	0	0	0	0	0	0	0	0	0	0	0	0
chr10	89451404	89624277	+	NM_001015880	INTRON	0	0	0	1	0	0	0	0	0	0	0	0	0	0	0	0	0	0	0	0	0	0	0	0
chr2	62110683	62112154	-	NM_006430	INTRON	3	10	5	41	0	1	0	17	36	2	2	0	1	2	4	57	3	3	4	3	17	6	1	14
chr22	41642676	41650311	-	NM_001278651	INTRON	0	0	0	0	0	0	0	0	0	0	0	0	0	0	0	1	0	0	0	0	0	0	0	0
chr7	98508042	98508132	+	NM_001244580	INTRON	3	3	4	0	0	0	0	2	4	0	0	2	0	3	0	5	0	0	0	0	0	1	0	0
chr17	40726228	40729230	-	NM_001256016	INTRON	4	3	2	10	0	0	2	2	16	3	0	2	2	0	0	5	0	3	4	0	3	3	2	1
chr17	8044658	8045122	-	NM_002616	INTRON	0	0	0	0	0	0	0	0	7	0	2	0	0	0	0	1	0	0	0	1	2	0	0	0
chr5	176372139	176378474	-	NM_001199297	INTRON	0	0	0	0	0	0	0	0	0	0	0	0	0	0	0	1	0	0	0	0	0	1	0	0
chr9	88275888	88284399	-	NM_001286715	INTRON	0	3	2	8	1	0	2	8	5	3	0	0	0	1	0	12	0	0	0	0	0	0	0	0
chr8	102753987	102792151	-	NM_001040628	INTRON	0	0	0	0	0	0	0	0	0	0	0	1	0	0	0	0	0	0	0	0	0	0	0	0
chr4	83788469	83789365	-	NM_001077206	INTRON	0	0	0	0	0	0	0	0	0	0	0	0	2	0	0	0	0	0	0	0	0	0	0	0
chr12	133209094	133210771	-	NM_006231	INTRON	0	0	0	0	0	0	18	3	0	0	0	0	0	0	0	0	0	0	0	0	0	12	0	3
chr12	26808785	26809229	-	NM_002223	INTRON	1	15	0	11	0	1	2	8	5	3	0	0	1	1	0	10	1	1	5	1	4	0	0	0
chr1	8025485	8029404	+	NM_001123377	INTRON	44	95	30	104	14	10	13	85	189	21	23	12	9	32	8	147	11	13	35	26	47	24	26	42
chr9	100190962	100193214	+	NM_001302884	INTRON	0	0	0	0	0	0	0	0	0	0	0	0	0	0	0	1	0	0	0	0	0	0	0	0
chr15	72499221	72499467	-	NM_001206796	INTRON	85	2	73	13	44	0	69	10	512	15	125	58	1	105	2	317	0	59	6	44	5	55	1	0
chr15	41657787	41669393	+	NM_001243142	INTRON	0	0	0	0	0	0	0	0	0	0	0	0	0	0	0	0	0	0	1	0	0	0	0	0
chr17	59765193	59770790	-	NM_032043	INTRON	0	0	0	0	0	10	0	0	0	0	0	0	0	0	0	0	0	0	0	0	0	0	0	0
chr3	9985199	9985677	+	NM_001031717	INTRON	0	0	0	1	0	0	0	0	0	0	0	0	0	0	0	0	0	0	0	0	0	0	0	0
chr8	130983241	131028615	-	NR_049826	INTRON	0	4	0	0	0	1	0	3	2	4	0	0	0	1	0	0	0	0	4	0	0	0	0	1
chr19	50920343	50992818	+	NM_001256849	INTRON	0	0	0	0	0	0	0	0	0	0	0	0	0	0	0	0	0	0	0	0	0	0	1	0
chr2	37439182	37441006	-	NM_005760	INTRON	0	0	0	1	0	0	0	0	0	0	0	0	0	0	0	0	0	0	0	0	0	0	0	0
chr22	26000420	26014715	+	NM_005160	INTRON	0	0	0	0	0	0	0	0	0	0	0	0	0	0	0	1	0	0	0	0	0	0	0	0
chr1	183860621	183861210	+	NM_001297669	INTRON	0	0	0	0	0	0	0	0	1	0	0	0	0	0	0	0	0	0	0	0	0	0	0	0
chr4	47548879	47559680	+	NM_020453	INTRON	0	0	0	0	0	0	0	0	0	0	0	0	0	0	0	0	0	0	0	1	0	0	0	0
chr17	73953647	73969705	-	NM_001185039	INTRON	0	0	0	1	0	0	0	2	2	0	0	0	0	0	0	0	0	0	0	0	0	0	0	0
chr10	89090853	89096542	-	NR_024397	INTRON	0	0	0	1	0	0	0	0	0	0	0	0	0	0	2	0	0	0	0	0	0	0	0	0
chr22	30738339	30738793	-	NM_005877	INTRON	25	0	18	0	7	0	16	0	75	5	5	12	0	22	0	72	1	16	0	21	1	12	0	1
chr18	48513484	48572396	+	NM_018696	INTRON	0	0	0	0	6	0	0	0	0	0	0	0	0	0	0	0	0	0	0	0	0	0	0	0
chr7	32613030	32615566	+	NM_015060	INTRON	1	13	1	10	0	2	3	4	17	3	2	1	5	3	0	25	1	5	3	3	8	2	1	8
chr11	63964869	63964964	+	NM_001282652	INTRON	10	20	23	93	7	4	11	40	124	18	23	13	6	19	5	84	9	13	13	20	24	10	12	12
chr1	1479367	1480242	-	NM_014188	INTRON	20	8	7	17	6	0	4	19	88	5	19	13	2	20	3	73	5	7	3	4	9	10	1	0
chr9	35386290	35389845	+	NM_001330653	INTRON	0	0	0	0	0	0	0	0	2	0	1	0	0	0	0	3	0	0	0	0	0	0	0	0
chr2	234054161	234054807	+	NM_001017915	INTRON	0	0	1	0	0	0	0	0	0	0	0	0	0	0	0	0	0	0	0	0	0	0	0	0
chr7	143510872	143530339	-	NR_110549	INTRON	2	1	2	0	0	0	0	1	2	0	0	0	0	0	0	2	0	0	0	0	0	1	0	0
chr9	35061686	35061999	-	NM_007126	INTRON	7	19	13	24	2	2	3	14	54	12	21	1	0	6	5	36	6	2	3	4	16	1	0	10
chr10	11270424	11291115	+	NM_001025076	INTRON	0	0	0	0	0	0	0	0	0	0	0	0	0	0	0	1	0	0	0	0	0	0	0	0
chr11	108178707	108180884	+	NM_000051	INTRON	0	9	0	0	0	0	0	0	0	0	0	0	0	0	0	0	0	0	0	0	0	0	0	0
chr12	88481721	88482808	-	NM_025114	INTRON	0	2	2	1	0	0	0	7	6	3	1	0	0	0	0	10	0	1	2	1	0	0	0	1
chr17	48457137	48457672	+	NM_001166131	INTRON	0	0	0	1	0	0	0	0	1	0	0	0	0	0	0	0	0	0	0	0	0	0	0	0
chr4	13383218	13475941	-	NM_001017979	INTRON	3	0	0	1	1	0	0	0	0	0	0	0	0	0	0	6	0	2	0	0	1	0	0	1
chr21	15988337	15988740	-	NM_001256579	INTRON	0	0	0	0	0	0	0	0	0	0	0	0	0	0	0	1	0	0	0	0	0	0	0	0
chr1	153736362	153737165	+	NM_001324475	INTRON	0	0	0	0	0	0	0	0	3	0	0	0	0	0	0	1	0	0	0	0	0	0	0	0
chr17	33446618	33446752	-	NM_001142571	INTRON	1	0	0	0	0	0	0	0	0	0	0	0	0	0	0	0	0	0	0	0	0	0	0	0
chr19	49469034	49469628	+	NM_000146	INTRON	0	0	0	0	0	0	0	0	0	0	0	0	0	0	0	0	0	0	0	0	1	0	0	0
chr1	166810325	166818174	+	NM_017542	INTRON	0	0	0	0	0	0	0	0	0	0	0	0	0	0	0	0	1	1	0	0	0	0	0	0
chr12	88508959	88510809	-	NM_025114	INTRON	1	1	1	3	0	0	1	2	7	0	0	0	1	0	0	5	0	0	0	0	0	0	0	0
chr13	31035825	31036674	-	NM_001313892	INTRON	0	0	0	0	0	0	0	0	0	0	0	0	0	1	0	2	0	0	0	0	2	4	0	0
chr16	1728357	1741843	+	NM_144570	INTRON	0	0	0	0	0	0	0	0	0	0	0	1	0	0	0	0	0	0	0	0	0	0	0	0
chr21	45494437	45494919	+	NM_003274	INTRON	0	0	0	1	0	0	0	0	0	0	0	0	0	0	0	0	0	0	0	0	0	0	0	0
chr10	97990590	97994094	-	NM_001114094	INTRON	0	0	0	0	0	0	0	0	1	0	0	0	0	0	0	0	0	0	0	0	0	0	0	0
chr12	7252356	7252496	-	NM_001297642	INTRON	1	1	1	0	0	0	0	1	0	0	0	0	0	0	0	0	1	0	1	0	0	0	0	2
chr20	62152942	62153057	+	NM_024299	INTRON	0	0	0	0	0	0	0	0	0	0	0	0	0	0	0	0	0	2	0	0	0	0	0	0
chr3	101477267	101481328	+	NM_024548	INTRON	1	0	0	1	0	0	0	2	1	0	1	0	0	0	1	2	0	0	0	0	0	1	0	2
chr17	42399135	42399786	-	NM_001143780	INTRON	3	5	4	23	2	0	2	18	28	1	2	1	2	4	0	17	1	2	2	1	1	4	0	1
chr10	38306314	38343302	+	NM_001278175	INTRON	5	3	5	15	1	1	4	13	7	7	0	1	3	5	2	11	0	0	4	0	5	0	0	6
chr2	197649653	197650164	-	NM_001206774	INTRON	0	7	0	3	0	0	1	1	16	2	0	1	0	3	1	17	0	1	0	2	3	0	0	3
chr5	74026223	74028842	-	NM_001281302	INTRON	0	0	0	0	0	0	0	0	1	0	0	0	0	0	0	0	0	0	0	0	0	0	0	0
chr14	39591683	39594195	+	NM_001009182	INTRON	0	1	0	0	0	0	0	0	0	0	0	0	0	0	0	0	0	0	0	0	0	0	0	0
chr15	73590952	73592277	+	NM_001172623	INTRON	0	0	0	0	0	0	0	0	0	0	0	0	0	0	0	0	0	0	0	2	0	0	0	0
chr2	75917207	75917719	-	NM_001201334	INTRON	0	0	0	0	0	0	0	0	1	0	0	0	0	0	0	2	0	0	0	0	0	0	0	0
chr17	7811337	7811719	+	NM_001005271	INTRON	9	8	1	8	2	0	1	10	31	2	6	2	0	1	0	23	0	3	0	4	3	3	1	1
chr2	84670524	84676772	-	NM_003849	INTRON	12	19	4	25	3	4	3	25	25	7	2	2	5	5	1	30	0	0	14	5	10	5	1	10
chr12	56995186	56995329	-	NM_001300905	INTRON	11	0	5	0	1	0	7	4	11	0	1	3	0	7	0	19	0	2	0	3	0	5	0	0
chr8	21856348	21856601	+	NM_015024	INTRON	2	2	2	8	2	0	3	3	11	3	0	0	0	7	5	18	0	1	1	5	0	1	0	0
chr1	157488287	157488489	-	NM_031281	INTRON	0	1	3	0	0	0	3	5	3	0	0	5	5	0	0	15	3	0	0	4	4	0	0	0
chr6	56337020	56338670	-	NM_001144769	INTRON	8	13	3	6	1	0	4	14	35	2	1	0	0	1	0	28	1	2	2	2	2	3	1	2
chr10	135106742	135107065	-	NM_001256617	INTRON	0	14	2	10	0	0	0	7	4	2	0	0	3	0	0	1	0	0	2	0	2	0	0	2
chr11	76701618	76709806	+	NM_001300953	INTRON	0	2	0	0	0	0	0	1	1	0	0	0	0	0	0	7	1	0	0	0	1	0	0	0
chr15	22864369	22866895	+	NM_001102610	INTRON	0	0	0	0	0	0	0	0	1	0	0	0	0	0	0	2	0	0	0	0	0	0	0	0
chr18	61067936	61070939	-	NM_004869	INTRON	6	6	2	10	2	1	5	14	16	4	0	4	1	1	3	22	3	0	2	4	14	0	1	8
chr9	104161812	104162165	+	NM_197977	INTRON	0	0	0	0	0	0	0	0	0	0	0	0	0	0	0	0	0	0	0	0	0	1	0	0
chr3	15457090	15457278	-	NM_001301791	INTRON	0	1	0	4	1	6	2	2	17	2	0	1	0	3	0	3	1	2	4	1	8	0	0	0
chr9	131397400	131397936	-	NM_052844	INTRON	0	0	0	0	0	0	0	0	0	0	0	0	0	0	1	0	0	0	0	0	0	0	0	0
chr11	126153048	126159559	+	NM_001039661	INTRON	0	0	0	0	0	0	0	0	0	0	0	0	0	0	0	1	0	0	0	0	0	0	0	0
chr11	45880424	45882398	+	NM_001127457	INTRON	0	4	0	0	0	0	1	0	8	1	0	0	0	1	0	7	0	1	0	0	3	0	1	0
chr2	20404052	20405103	-	NM_001006946	INTRON	1	3	0	0	0	1	0	5	0	0	4	0	0	0	3	0	0	0	0	0	0	1	0	2
chr5	139937240	139939897	-	NM_001035235	INTRON	0	0	0	0	0	0	0	0	0	0	0	0	0	0	0	0	0	0	0	0	2	0	0	0
chr14	69378959	69387722	-	NM_001102	INTRON	0	0	3	0	0	0	2	1	6	1	1	0	0	0	0	0	0	0	0	0	0	0	0	0
chr2	227914847	227915692	-	NM_000092	INTRON	0	0	0	0	0	0	0	0	2	0	0	0	0	0	0	1	0	0	0	0	0	0	0	0
chr6	107042381	107050748	-	NM_001318746	INTRON	0	0	0	0	0	0	1	0	0	0	0	0	0	0	0	0	0	0	0	0	0	0	0	0
chr17	33444005	33445519	-	NM_001142571	INTRON	0	0	0	0	0	0	0	0	0	3	0	0	0	0	0	0	0	0	0	0	0	0	0	0
chr14	69969596	69988999	+	NM_001161498	INTRON	0	0	0	0	0	0	0	0	1	0	0	0	0	0	0	0	0	0	0	0	0	0	0	0
chr13	41736539	41739686	+	NR_120423	INTRON	0	0	0	0	0	0	0	2	0	0	0	0	0	0	0	2	0	0	0	0	0	0	0	0
chr5	41934410	41941293	+	NM_033484	INTRON	0	0	1	0	0	0	0	1	3	0	1	0	0	0	0	0	0	1	1	0	0	0	0	1
chr6	138196172	138196972	+	NM_001270507	INTRON	6	0	0	0	1	0	5	0	34	0	4	5	0	1	0	15	0	2	0	0	0	0	0	0
chr5	127497492	127498714	+	NM_001046	INTRON	0	0	0	1	0	1	1	0	0	1	0	0	1	0	2	1	1	1	0	0	0	0	0	0
chr1	24020311	24021151	+	NM_000975	INTRON	0	0	1	0	0	0	0	0	0	0	0	0	0	0	0	0	0	0	0	0	0	0	0	0
chr17	61767957	61776387	-	NM_001330431	INTRON	0	0	0	0	0	0	0	1	0	0	0	0	0	0	0	0	2	0	0	0	0	0	1	0
chr7	158439255	158444984	-	NM_001281932	INTRON	0	0	0	0	0	0	0	0	1	0	0	0	0	0	0	0	0	0	0	1	0	0	0	0
chr12	31451158	31476877	-	NM_001135811	INTRON	3	5	0	2	0	1	1	2	1	3	1	0	2	1	1	3	0	0	0	0	7	1	0	2
chr9	69229668	69231351	-	NM_001085457	INTRON	0	0	0	0	0	0	0	0	1	0	0	0	0	0	0	1	0	0	0	0	0	0	0	0
chr7	6026505	6157706	-	NM_000535	INTRON	0	0	0	0	0	0	0	0	0	0	0	0	0	1	0	0	0	0	1	0	0	0	0	0
chr17	62477563	62479035	-	NM_007215	INTRON	0	0	0	0	0	0	0	0	1	1	0	0	0	0	0	1	0	0	0	0	0	0	0	0
chr21	37732375	37732481	+	NM_001320445	INTRON	0	3	2	9	3	0	3	3	9	1	0	0	0	1	0	10	1	0	3	3	3	2	2	2
chr11	63666305	63666527	+	NM_001039469	INTRON	0	0	0	0	0	0	0	0	2	0	0	0	0	0	0	0	0	0	0	0	0	0	0	0
chr11	108202284	108202454	+	NM_000051	INTRON	0	0	0	0	0	0	0	0	0	0	0	0	14	0	0	0	0	0	0	4	0	15	0	0
chr11	108117854	108118753	+	NM_000051	INTRON	0	0	0	0	0	0	0	0	0	0	0	0	0	0	0	0	0	0	0	21	0	0	0	0
chr15	41709511	41730518	+	NM_015138	INTRON	3	5	6	4	0	2	2	2	12	4	2	6	0	2	2	4	1	1	1	1	4	0	0	1
