chr	start	end	strand	NM	intron	10_2X_S10_R.txt	1_2X_S1_R.txt	2_2X_S2_R.txt	3_2X_S3_R.txt	4_2X_S4_R.txt	5_2X_S5_R.txt	6_2X_S6_R.txt	7_2X_S7_R.txt	8_2X_S8_R.txt	9_2X_S9_R.txt
chr11	64117140	64117362	+	NM_032251	INTRON	0	1	0	0	0	0	0	3	1	0
chr6	10903196	10907774	+	NM_001040274	INTRON	3	2	0	0	0	0	0	0	0	0
chr20	37518308	37529223	+	NM_001172735	INTRON	4	8	0	5	3	2	6	0	9	0
chr3	39452278	39452365	+	NM_001304288	INTRON	0	0	0	0	0	0	0	0	0	1
chr1	41451791	41503033	-	NM_001905	INTRON	0	0	0	2	0	0	0	0	0	0
chr7	76943806	76950041	-	NM_017439	INTRON	14	28	0	22	35	25	21	14	27	10
chr7	22843253	22852788	-	NM_019059	INTRON	0	0	0	0	0	0	0	0	1	0
chr11	118888155	118888230	-	NM_001028	INTRON	2	0	0	0	0	0	0	0	0	0
chr12	22697113	22697253	-	NM_001286174	INTRON	22	34	0	42	44	21	29	38	26	47
chr9	71580886	71590579	-	NR_110647	INTRON	0	0	0	0	0	0	0	0	2	0
chr6	44214932	44220781	+	NM_001271969	INTRON	0	0	0	0	0	0	0	0	2	0
chr16	30770568	30771604	-	NM_000294	INTRON	0	0	0	0	1	0	0	0	0	0
chr20	24952212	24952848	-	NM_020531	INTRON	0	2	0	0	0	0	0	0	0	0
chr2	54697123	54753508	+	NM_003128	INTRON	0	0	0	0	0	0	0	1	2	4
chr14	74086520	74100425	-	NM_001037162	INTRON	0	0	0	0	0	0	0	0	2	0
chr12	113345024	113345477	+	NM_001032409	INTRON	0	1	0	0	2	0	0	0	0	0
chr20	23361913	23370582	-	NM_001283018	INTRON	0	0	0	1	0	0	1	0	0	1
chrX	48767273	48767688	-	NM_001282651	INTRON	0	0	0	0	0	1	0	0	0	0
chr11	122929512	122929889	-	NM_006597	INTRON	0	0	0	1	0	0	0	0	0	0
chrX	53128700	53197211	+	NR_110456	INTRON	0	0	0	0	0	0	0	0	0	4
chr14	39645353	39646615	+	NM_002687	INTRON	1	3	0	4	1	0	0	1	1	1
chr5	179267402	179267871	-	NM_001017987	INTRON	0	0	0	2	0	0	0	0	0	0
chr14	55215642	55218168	-	NM_001161576	INTRON	0	0	0	0	0	2	0	0	0	0
chr21	39644479	39668847	+	NM_001276436	INTRON	1	2	0	0	0	2	0	0	0	0
chr13	52593279	52602454	-	NM_001004127	INTRON	0	2	0	2	0	0	0	0	0	0
chr7	140390613	140392136	+	NM_052853	INTRON	0	0	0	0	0	1	0	0	0	0
chr7	156759969	156761780	+	NM_138400	INTRON	0	0	0	0	0	2	2	0	0	2
chr7	5410995	5434070	-	NM_001080495	INTRON	0	0	0	0	0	0	0	0	0	2
chr2	131906908	131907030	+	NM_001100623	INTRON	0	2	0	0	0	0	0	0	1	0
chr12	32884068	32884289	-	NM_001278463	INTRON	0	0	0	0	0	2	0	0	0	0
chr4	151837890	151842349	-	NM_001199282	INTRON	6	26	0	17	27	18	16	14	15	17
chr4	95206220	95210623	-	NM_001128429	INTRON	0	0	0	2	2	4	0	2	4	0
chr3	183898037	183898431	+	NM_001025205	INTRON	0	0	0	0	0	1	0	0	0	0
chr10	17702547	17722949	+	NM_001324284	INTRON	1	0	0	0	2	5	0	1	0	0
chr5	134712354	134724611	-	NM_001040158	INTRON	0	0	0	0	0	1	0	0	0	0
chr12	111801248	111803916	-	NM_001177996	INTRON	0	0	0	0	2	0	0	0	0	0
chr7	94039133	94039553	+	NM_000089	INTRON	0	0	0	0	0	0	0	0	2	0
chr1	46740389	46743492	+	NM_001142548	INTRON	0	0	0	0	1	0	0	0	0	0
chr17	73328878	73335667	-	NM_002086	INTRON	0	0	0	0	0	0	1	0	0	0
chr5	34922693	34922799	+	NM_018321	INTRON	416	691	4	604	680	557	408	409	623	542
chr17	79827833	79828074	-	NM_001185077	INTRON	0	2	0	0	0	0	0	0	0	0
chr1	19243536	19244855	-	NM_001136265	INTRON	84	133	2	157	234	207	261	132	196	124
chr5	64931870	64948327	+	NM_001093755	INTRON	0	0	0	0	0	0	2	0	0	0
chr2	32679010	32726779	+	NM_016252	INTRON	0	0	0	2	0	0	0	0	0	0
chr6	35420570	35423109	+	NM_021922	INTRON	0	0	0	0	2	2	0	0	0	0
chr19	54631287	54640687	-	NM_015629	INTRON	0	0	0	0	0	2	0	0	0	0
chr1	224175856	224180167	-	NR_132119	INTRON	0	10	0	6	0	0	4	0	0	2
chr11	62622938	62623051	-	NR_002565	INTRON	1	0	0	0	3	0	0	0	0	0
chr20	60758113	60769932	+	NM_015666	INTRON	0	0	0	0	0	0	0	0	4	0
chr6	167344606	167345964	-	NM_003730	INTRON	0	0	0	0	1	0	0	0	0	0
chr10	88220938	88311645	-	NM_001318328	INTRON	0	0	0	0	1	0	0	0	0	0
chr12	112518938	112528529	-	NM_024953	INTRON	11	2	0	5	3	2	1	7	2	2
chr20	44464332	44469086	+	NM_001042633	INTRON	0	0	0	0	0	0	0	0	1	0
chr5	118437701	118445849	+	NM_001290321	INTRON	0	2	0	3	6	0	0	0	2	0
chr2	27592786	27592972	-	NM_001318965	INTRON	2	2	0	1	3	3	9	6	7	0
chr15	31103818	31132945	-	NR_072991	INTRON	0	2	0	0	0	0	0	0	0	0
chr14	102548801	102549370	-	NM_001017963	INTRON	0	0	0	0	0	2	0	0	0	0
chr11	68338572	68343425	+	NM_001164160	INTRON	1	0	0	0	0	0	0	0	1	0
chr1	43315413	43316620	+	NM_001242739	INTRON	0	1	0	0	0	0	0	4	0	2
chr22	39419019	39427698	+	NM_152426	INTRON	1	1	0	0	1	2	1	0	0	0
chr6	155131228	155131287	+	NM_001286188	INTRON	0	0	0	0	0	0	0	0	0	2
chr1	11148255	11151070	-	NM_001001998	INTRON	0	0	0	0	0	2	2	2	0	0
chr19	58788786	58817453	+	NM_001320782	INTRON	0	0	0	0	1	0	0	0	0	0
chr5	141005331	141006159	-	NM_003883	INTRON	0	2	0	0	0	2	0	0	0	0
chr20	35153969	35199843	-	NM_001042486	INTRON	0	0	0	4	2	0	6	2	6	0
chr17	33310571	33316484	+	NM_002311	INTRON	0	0	0	2	2	3	0	1	0	0
chr14	65844319	65922338	+	NM_004480	INTRON	0	0	0	0	0	0	4	0	0	0
chr12	57011316	57023457	-	NM_001300905	INTRON	0	7	0	0	1	0	0	2	0	0
chrX	11134080	11135386	+	NM_001122608	INTRON	4	4	0	0	1	4	7	6	1	3
chr19	39457492	39466209	-	NM_024907	INTRON	0	0	0	0	0	0	0	0	2	0
chr7	4820943	4822134	+	NM_014855	INTRON	0	0	0	2	0	0	0	0	0	0
chr17	4647142	4647285	+	NM_001136046	INTRON	0	0	0	0	0	0	0	0	2	0
chr3	52623268	52643328	-	NM_018313	INTRON	1	0	0	2	1	2	0	1	2	0
chr10	81568588	81571868	-	NR_120611	INTRON	0	0	0	0	0	0	2	0	0	0
chr16	24960724	24964251	-	NM_001006634	INTRON	1	0	0	0	0	0	0	0	0	0
chr21	36259393	36421138	-	NM_001001890	INTRON	0	0	0	0	0	0	0	0	1	0
chr8	74907476	74917030	+	NM_015364	INTRON	0	0	0	0	2	0	0	0	0	0
chr3	48900092	48921429	-	NM_000387	INTRON	0	2	0	2	0	0	0	2	0	1
chr8	25297180	25298092	-	NM_017634	INTRON	323	501	5	397	507	301	493	319	668	381
chr1	236717039	236717897	+	NM_018072	INTRON	0	0	0	0	0	2	0	0	0	0
chr18	44683908	44691359	-	NM_016097	INTRON	0	2	0	0	0	0	0	0	0	0
chr1	245010008	245017520	-	NM_004501	INTRON	1	0	0	0	1	0	0	0	0	0
chr2	128703133	128707442	-	NM_001145928	INTRON	42	106	0	82	111	75	78	125	117	45
chr22	31302056	31302183	+	NM_001282741	INTRON	0	0	0	0	2	1	0	0	4	4
chrX	48325464	48326096	-	NM_033518	INTRON	157	130	1	183	292	270	224	92	355	226
chr22	36545419	36546005	-	NM_014349	INTRON	0	0	0	0	0	0	0	0	1	0
chr10	98146835	98154943	-	NM_012465	INTRON	0	0	0	2	0	0	0	0	0	0
chr16	2964290	2983130	+	NM_001308068	INTRON	5	18	0	5	5	1	2	11	23	5
chr11	93421031	93428662	+	NM_033395	INTRON	0	2	0	0	0	4	0	0	2	0
chrX	53681074	53699219	-	NM_031407	INTRON	0	0	0	0	0	0	0	1	0	0
chr2	37505132	37506888	+	NM_005813	INTRON	2	0	0	0	0	0	2	2	0	0
chrX	119675539	119676820	-	NM_001079872	INTRON	0	0	0	1	0	0	0	0	0	0
chr17	41369331	41369699	+	NM_001291586	INTRON	3	5	0	13	7	6	14	7	6	13
chr12	6646552	6647151	+	NM_001256799	INTRON	0	0	0	1	0	0	0	0	0	0
chr4	119756986	119757494	+	NM_001318066	INTRON	0	2	0	2	5	0	3	3	0	0
chr16	23544086	23546208	-	NM_001083614	INTRON	38	64	1	44	83	54	41	27	73	61
chr1	35451075	35486194	+	NM_007167	INTRON	0	0	0	0	0	0	0	4	0	0
chr17	34951610	34956099	+	NM_024308	INTRON	0	0	0	0	0	1	0	0	0	0
chr20	2778704	2778797	-	NM_001184699	INTRON	78	161	0	80	75	33	44	135	349	290
chr12	40922109	40924074	+	NM_173600	INTRON	0	0	0	0	2	0	0	0	0	0
chr15	74836825	74865202	+	NM_001307939	INTRON	0	0	0	0	0	2	0	0	0	0
chr12	104995769	104997107	+	NM_001173982	INTRON	0	0	0	0	2	1	0	0	2	2
chr11	58188476	58294808	-	NM_001005566	INTRON	0	0	0	0	0	0	0	0	0	1
chr2	27995559	28108938	+	NM_004891	INTRON	0	0	0	0	0	2	0	0	0	0
chr19	19637069	19637240	+	NM_015965	INTRON	1	2	0	0	3	2	2	5	2	3
chr16	30199150	30199333	+	NM_001193333	INTRON	1	14	0	10	22	12	24	10	8	9
chr19	984498	985864	+	NM_024100	INTRON	0	0	0	0	0	0	6	0	3	0
chr9	304704	311953	+	NM_001190458	INTRON	51	84	1	77	99	47	91	69	86	100
chr2	206037105	206041168	+	NM_001302769	INTRON	0	0	0	0	0	0	2	0	0	0
chr4	83292737	83294598	-	NM_002138	INTRON	726	1241	5	739	1078	813	808	876	1112	841
chr1	85573860	85575257	+	NM_001288563	INTRON	1	0	0	0	0	0	0	0	0	0
chr7	75677544	75681129	+	NR_104165	INTRON	2	0	0	0	0	2	0	0	0	0
chr16	56508862	56509418	+	NM_001324357	INTRON	145	218	3	189	206	168	238	195	354	194
chr19	49797810	49834332	-	NR_036209	INTRON	2	0	0	2	0	0	0	0	0	1
chr11	19140800	19167727	+	NM_019028	INTRON	0	0	0	1	0	0	0	0	0	0
chr6	28186116	28186341	+	NR_002936	INTRON	0	2	0	0	0	0	0	0	0	0
chr5	56510020	56517216	+	NM_001127235	INTRON	0	1	0	0	0	0	0	0	0	1
chr22	17688180	17693394	-	NM_001282227	INTRON	0	0	0	0	0	0	0	2	0	0
chr15	28447910	28451385	-	NM_004667	INTRON	0	0	0	0	1	0	0	2	0	0
chr17	55026795	55027249	+	NM_004645	INTRON	0	0	0	0	2	0	0	0	0	0
chr18	48591839	48593388	+	NM_005359	INTRON	0	2	0	2	0	4	1	0	3	0
chr3	121377194	121379666	+	NM_001292041	INTRON	2	4	0	2	5	5	10	2	13	3
chr12	54675286	54680445	+	NM_002136	INTRON	2	0	0	3	7	6	20	0	0	7
chr17	9615449	9631270	+	NM_001267576	INTRON	0	1	0	0	0	0	0	0	2	0
chr3	52242263	52245298	-	NM_000688	INTRON	2	6	0	0	2	2	8	2	6	2
chr1	222904858	222905969	+	NM_001288579	INTRON	126	201	1	162	129	93	119	210	99	111
chrX	55935233	55978064	+	NM_001324105	INTRON	0	0	0	0	0	1	0	0	2	0
chr7	99048418	99049911	+	NM_001081559	INTRON	0	2	0	0	0	0	0	0	0	0
chr1	53413752	53427174	+	NM_001193599	INTRON	0	0	0	0	0	0	0	2	0	0
chr8	28210925	28217108	-	NM_018660	INTRON	0	0	0	0	4	0	2	3	0	2
chr6	108224198	108225832	-	NM_007214	INTRON	16	37	0	27	34	37	23	40	26	17
chr13	46717528	46718576	-	NM_002298	INTRON	0	0	0	0	1	0	2	0	1	0
chr1	155823597	155826937	+	NM_001282856	INTRON	0	2	0	0	0	0	0	0	0	0
chr17	65344770	65346344	-	NM_001316341	INTRON	546	955	2	698	755	534	739	865	903	680
chr7	110340843	110603555	-	NM_001244606	INTRON	0	0	0	0	0	0	0	1	0	0
chr18	34424265	34465519	-	NM_020776	INTRON	0	0	0	0	2	0	0	0	0	0
chr2	30974117	30975918	-	NM_144575	INTRON	0	0	0	0	0	0	0	0	1	0
chr7	102938400	102939889	+	NM_004279	INTRON	0	3	0	0	0	1	0	2	1	0
chr7	140397077	140402665	+	NM_004546	INTRON	0	0	0	0	0	0	0	2	0	0
chr16	67963751	67963854	-	NM_001907	INTRON	0	0	0	2	0	0	2	0	0	0
chr11	65305296	65305928	+	NM_001048218	INTRON	0	0	0	0	0	0	0	1	0	0
chr2	17888646	17889066	-	NM_001142286	INTRON	0	0	0	0	1	3	0	6	2	0
chr17	57106084	57106256	-	NM_001005207	INTRON	1	2	0	4	4	7	0	10	8	0
chr15	85328126	85333870	+	NM_014630	INTRON	0	0	0	0	0	0	0	0	1	0
chr5	40696498	40834292	-	NM_012382	INTRON	0	0	0	0	1	0	0	0	0	0
chrX	153582851	153582983	-	NM_001110556	INTRON	185	153	2	282	231	345	377	205	737	368
chr3	111847071	111849291	-	NM_001190260	INTRON	0	1	0	0	0	0	2	0	2	0
chrX	70325987	70327702	-	NM_001025265	INTRON	0	0	0	0	2	0	0	0	0	0
chr3	49128591	49402029	+	NM_001320580	INTRON	0	0	0	0	2	0	0	0	0	0
chr12	77240459	77242012	-	NM_015336	INTRON	0	0	0	0	2	0	0	0	0	0
chr5	130808437	130815305	-	NM_001164386	INTRON	0	0	0	4	0	0	0	0	4	1
chr22	39709662	39713464	-	NM_000967	INTRON	0	0	0	1	0	0	0	0	0	0
chr17	27047851	27049832	+	NM_000984	INTRON	0	0	0	0	0	0	0	0	0	1
chr2	26477342	26478786	+	NM_000183	INTRON	2	14	0	5	14	6	8	7	3	6
chr9	100435063	100435771	+	NM_002486	INTRON	0	0	0	1	0	0	0	0	1	0
chr2	216838658	216861028	-	NM_018000	INTRON	1	0	0	2	1	0	5	1	0	1
chr7	6728722	6728803	-	NM_006956	INTRON	0	0	0	0	0	0	0	0	0	1
chr22	35680036	35683339	+	NM_001003681	INTRON	13	11	0	14	14	1	9	6	0	7
chr15	45021750	45023560	+	NR_125376	INTRON	10	13	1	14	9	18	21	11	11	12
chr11	9482623	9501018	+	NM_001282656	INTRON	0	0	0	0	0	0	2	0	0	0
chr1	212736337	212837928	-	NM_001030287	INTRON	0	2	0	0	0	0	2	0	0	0
chr12	123915206	123921070	-	NM_145058	INTRON	4	4	0	10	33	8	29	16	11	9
chr16	2588137	2749821	+	NM_001261816	INTRON	0	2	0	0	0	0	0	0	0	0
chr4	156762717	156763358	-	NM_017419	INTRON	0	0	0	0	0	0	0	0	0	2
chr3	49339975	49355741	-	NM_003363	INTRON	1	0	0	0	0	0	0	0	1	0
chr4	184932576	184938241	+	NM_020225	INTRON	0	0	0	0	0	0	0	0	2	0
chr15	44776532	44778748	+	NM_016396	INTRON	0	0	0	0	0	1	1	0	0	0
chr8	41792385	41794773	+	NM_006766	INTRON	0	2	0	0	0	0	0	0	0	0
chr12	6647105	6979512	+	NM_001256799	INTRON	0	0	0	0	1	0	0	0	0	0
chrX	100531516	100532593	-	NM_001168474	INTRON	2	0	0	2	0	0	0	0	0	0
chr3	129115983	129116253	-	NR_002992	INTRON	7	11	0	9	12	4	11	18	20	10
chr18	686008	687065	-	NM_001126123	INTRON	0	2	0	0	0	0	1	0	0	0
chr7	123185730	123186637	-	NM_001282419	INTRON	2	0	0	0	0	0	0	0	0	1
chr1	183486955	183489131	+	NM_001174061	INTRON	0	0	0	0	0	2	0	0	0	0
chr12	51855075	51857397	+	NM_001039960	INTRON	0	0	0	2	0	1	0	1	0	0
chr8	190907	192886	+	NM_001042415	INTRON	2	10	0	1	1	2	9	0	1	4
chr11	22777499	22783942	+	NM_001143830	INTRON	0	3	0	0	0	0	0	0	3	0
chr11	72004303	72004428	-	NM_001258392	INTRON	0	1	0	0	0	0	0	0	0	2
chr17	3538859	3539345	-	NM_013276	INTRON	0	0	0	0	0	0	0	0	2	0
chr10	5494488	5494787	+	NM_001047160	INTRON	2	12	0	2	13	14	6	10	0	6
chr17	41104685	41105740	-	NM_001136042	INTRON	0	0	0	0	0	0	0	1	0	0
chr22	29611028	29621121	+	NM_001267895	INTRON	0	4	0	1	1	2	5	3	7	8
chr10	43101538	43127376	-	NM_001305040	INTRON	0	0	0	0	0	2	0	0	0	0
chr11	2973039	2976973	-	NM_005969	INTRON	0	0	0	0	0	0	0	0	0	2
chr12	120634599	120637259	-	NM_001002	INTRON	0	0	0	0	1	0	0	0	0	0
chr1	3440810	3496388	-	NR_030277	INTRON	0	2	0	0	0	0	0	0	1	0
chr13	113439571	113459270	+	NM_015205	INTRON	15	11	0	13	10	18	31	6	14	5
chr19	55144211	55144439	+	NM_001081637	INTRON	1	1	0	8	0	3	0	2	3	2
chr10	126445394	126448981	-	NM_001304467	INTRON	2	9	0	3	2	0	1	6	2	2
chr2	162059442	162059997	-	NM_001199135	INTRON	0	2	0	0	0	0	0	0	0	0
chr5	115785513	115807964	+	NM_001300780	INTRON	0	0	0	0	1	0	0	0	0	1
chr15	52668755	52671821	-	NM_000259	INTRON	60	103	1	102	98	110	126	121	98	117
chr14	50050317	50050349	-	NM_001032	INTRON	0	0	0	1	0	0	0	0	0	0
chr11	76075476	76076895	-	NR_130898	INTRON	13	27	0	9	17	2	9	12	17	5
chr3	179131569	179132777	-	NM_021629	INTRON	0	0	0	0	2	0	3	0	0	1
chr6	155572155	155573019	+	NM_001010927	INTRON	0	0	0	1	0	0	0	0	0	0
chr2	228146282	228146419	-	NR_102371	INTRON	0	0	0	0	0	0	0	0	2	0
chr15	44085280	44085872	+	NM_001018108	INTRON	0	1	0	0	2	1	0	0	0	0
chr20	55966874	55967452	+	NM_001291780	INTRON	6	2	0	11	13	6	9	6	12	1
chr5	179050638	179105004	-	NM_001257293	INTRON	0	0	0	0	1	0	0	0	0	0
chr9	100767435	100769915	+	NM_006401	INTRON	13	13	0	6	10	5	6	2	8	10
chr7	108137199	108137936	-	NM_001256007	INTRON	0	2	0	0	0	0	0	0	2	0
chr2	74759841	74759992	+	NM_001289164	INTRON	1	0	0	0	3	0	5	2	5	2
chr19	8275746	8280977	+	NM_024552	INTRON	0	0	0	0	0	0	0	2	0	0
chr14	31782558	31784975	-	NM_015473	INTRON	0	0	0	1	0	0	0	0	0	0
chr3	191047512	191072044	+	NM_198152	INTRON	0	1	0	0	4	0	0	0	4	2
chr11	116824823	116827452	-	NM_001281748	INTRON	0	12	0	3	3	3	8	7	7	1
chr4	38906335	38907142	+	NM_001330764	INTRON	0	2	0	0	0	0	0	0	0	0
chr5	132161874	132163152	-	NM_133456	INTRON	7	0	0	0	0	0	1	0	1	0
chr3	58936065	58967011	-	NR_110820	INTRON	1	0	0	0	0	0	0	0	0	0
chr15	40324438	40324957	+	NM_001013703	INTRON	118	202	2	191	132	195	186	204	221	114
chr7	120478966	120496751	-	NM_012338	INTRON	0	0	0	0	1	0	0	0	0	0
chr3	49397815	49405860	-	NM_001313943	INTRON	42	85	0	54	97	54	70	99	125	36
chr19	14517772	14517900	+	NM_001025160	INTRON	0	1	0	6	3	1	6	7	7	5
chr7	73098003	73105245	+	NM_001202560	INTRON	0	1	0	0	0	0	0	3	0	0
chr3	185644522	185649364	+	NM_004593	INTRON	34	29	0	48	77	35	26	44	74	21
chr6	111806064	111808545	+	NR_034111	INTRON	0	0	0	1	0	0	0	4	0	0
chr15	41102414	41102585	+	NM_001077268	INTRON	0	0	0	3	2	5	4	4	2	2
chr4	68529665	68530908	-	NM_018227	INTRON	0	0	0	0	2	0	0	0	0	0
chrX	11129953	11130138	+	NM_001122608	INTRON	0	0	0	0	0	4	0	0	0	0
chr8	48698969	48701466	-	NM_001081640	INTRON	2	3	0	2	2	2	2	0	0	0
chr9	127622473	127622511	-	NM_007209	INTRON	0	0	0	0	0	0	0	0	2	0
chr2	242206042	242206208	-	NM_001243900	INTRON	1	0	0	0	0	0	0	0	0	2
chr20	30823510	30824801	+	NM_015352	INTRON	0	4	0	0	2	0	3	0	2	0
chr3	155621749	155623948	+	NM_003875	INTRON	135	294	1	296	354	371	333	270	490	235
chr11	66025279	66026054	+	NM_001134774	INTRON	0	0	0	0	0	1	0	0	0	1
chr6	37347971	37348925	+	NM_003958	INTRON	0	0	0	0	0	0	2	0	1	0
chr2	37364160	37365412	-	NM_001135651	INTRON	133	255	2	172	223	284	264	251	364	191
chr16	1826423	2014298	-	NM_080861	INTRON	0	0	0	0	0	0	0	0	0	2
chr9	33304550	33311103	+	NM_001318758	INTRON	0	0	0	1	0	0	0	0	0	0
chr11	66582556	66583523	+	NM_001302084	INTRON	0	0	0	0	0	0	1	3	0	0
chr9	92033033	92041560	-	NM_001142287	INTRON	0	0	0	0	2	0	2	0	0	0
chr13	49765520	49771012	+	NM_001079673	INTRON	21	46	0	28	54	46	56	36	37	35
chr6	10749501	10749889	+	NM_001127711	INTRON	0	0	0	0	0	2	0	0	0	0
chr16	56855505	56856498	+	NM_001242795	INTRON	0	2	0	0	0	0	0	0	0	0
chr3	72148162	72149054	-	NR_104116	INTRON	29	24	0	35	23	87	71	4	32	7
chr3	191087825	191097449	+	NM_178335	INTRON	0	1	0	0	0	0	0	0	0	0
chr1	54389620	54405657	-	NM_001316935	INTRON	14	20	0	24	30	12	4	16	12	4
chr3	167415965	167422624	-	NM_007217	INTRON	0	0	0	2	0	0	0	0	0	0
chr22	32914321	32923904	-	NM_001135774	INTRON	0	0	0	2	0	0	0	0	0	0
chr15	85643297	85643386	+	NM_001243137	INTRON	44	100	1	29	74	16	52	115	79	87
chr5	137715953	137717039	+	NM_016604	INTRON	0	1	0	0	0	0	0	0	0	0
chr17	26947033	26947144	-	NM_001321560	INTRON	2	0	0	0	0	0	0	0	0	0
chr16	24833468	24834194	+	NM_001330520	INTRON	179	291	3	133	148	103	181	209	164	151
chr10	22605485	22606785	+	NM_001204062	INTRON	2	4	0	0	0	0	2	2	0	0
chr22	29678546	29687553	+	NM_001163285	INTRON	8	10	0	5	10	12	9	3	9	18
chr17	59981946	59984768	-	NM_001330417	INTRON	16	17	0	41	26	14	36	14	15	19
chr6	74227864	74227928	-	NM_001402	INTRON	0	0	0	1	3	0	3	0	1	0
chr1	31414119	31414844	-	NM_001020658	INTRON	305	491	6	465	615	391	482	436	458	323
chr11	18422557	18424386	-	NM_001165414	INTRON	0	0	0	0	2	0	2	0	0	2
chr22	50662685	50662756	-	NM_020461	INTRON	0	5	0	0	2	0	1	2	0	0
chr10	94214296	94220947	-	NM_001165946	INTRON	0	1	0	0	0	2	3	0	0	2
chr12	6646136	7053200	+	NM_001256799	INTRON	0	0	0	0	0	0	0	0	0	2
chr2	3462286	3464033	+	NM_001321102	INTRON	0	2	0	0	2	0	0	0	0	0
chr11	116741117	116744196	-	NM_001281748	INTRON	50	81	0	58	84	70	45	73	84	40
chr4	3075206	3088665	+	NR_045414	INTRON	0	0	0	0	2	0	0	0	0	0
chr2	68615622	68620279	+	NM_002664	INTRON	1	3	0	1	4	3	3	0	2	0
chr20	2821473	2838538	+	NM_001271168	INTRON	0	0	0	0	0	0	0	0	1	0
chr4	845762	853393	-	NM_001318134	INTRON	65	118	1	64	106	100	159	93	171	60
chr10	89005969	89037950	-	NR_024397	INTRON	1	0	1	0	6	1	1	0	5	1
chr2	65292993	65508047	-	NM_001319100	INTRON	0	0	0	0	0	0	0	1	0	0
chr5	134074482	134076755	+	NM_001745	INTRON	3	2	0	0	3	1	2	2	4	2
chr16	24966051	24970870	-	NM_001006634	INTRON	1	0	0	0	0	0	0	0	0	0
chr10	98165246	98169299	-	NM_012465	INTRON	0	0	0	0	0	1	0	0	0	0
chr2	47202661	47205930	+	NM_001288951	INTRON	2	0	0	0	0	0	0	0	0	0
chr1	160715371	160759584	-	NM_001282588	INTRON	2	0	0	2	0	0	0	0	0	6
chr17	12883550	12887847	+	NM_001321164	INTRON	2	3	0	11	1	1	28	0	11	5
chr12	49496942	49498528	-	NM_001300750	INTRON	0	0	0	0	0	0	0	0	2	0
chr3	112724789	112727017	-	NM_001319109	INTRON	1	0	0	1	0	2	4	1	3	0
chr2	159922483	159946095	+	NM_001145909	INTRON	0	2	0	22	4	1	32	8	2	0
chr16	70351491	70398445	+	NM_001014449	INTRON	0	0	0	1	1	0	0	0	0	0
chr8	42911988	42932358	+	NM_002027	INTRON	1	2	0	1	0	0	1	2	4	1
chr7	141315277	141353226	+	NM_018238	INTRON	0	0	0	0	0	0	0	0	1	0
chr16	11794420	11808209	-	NM_001303447	INTRON	3	11	0	6	4	0	8	5	1	5
chr1	116670960	116690844	+	NM_152367	INTRON	0	0	0	0	0	0	0	0	0	1
chr19	40854631	40863599	+	NM_012268	INTRON	0	2	0	0	0	0	0	0	0	0
chr4	1739441	1742552	+	NM_006342	INTRON	0	0	0	1	0	0	0	0	0	0
chr1	24020321	24020384	+	NM_000975	INTRON	0	0	0	0	0	0	1	0	0	1
chr14	39870460	39870901	-	NM_203301	INTRON	0	7	0	0	0	0	0	0	0	0
chr1	22852875	22870149	+	NM_001083621	INTRON	0	0	0	0	0	1	0	0	0	0
chr3	50385332	50386111	-	NM_006545	INTRON	0	0	0	0	0	0	1	0	0	0
chr11	3803375	3827669	-	NM_005387	INTRON	0	0	0	1	1	0	0	0	1	2
chr14	60752459	60758114	+	NM_177951	INTRON	25	26	0	27	37	20	21	20	13	13
chr19	19257656	19257844	-	NM_001145785	INTRON	74	130	1	51	52	38	118	38	151	50
chr10	5780328	5781580	+	NM_001321783	INTRON	0	0	0	2	0	0	0	0	0	0
chr15	75631685	75632042	+	NM_001284377	INTRON	185	124	0	150	200	185	218	191	393	199
chr19	14826282	14828468	+	NM_001300912	INTRON	0	0	0	0	1	0	0	0	0	0
chr22	17622123	17623163	-	NM_017829	INTRON	0	1	0	0	0	0	0	0	0	0
chr16	24046868	24066920	+	NM_002738	INTRON	0	3	0	0	0	0	0	0	0	0
chr10	70182647	70190192	-	NM_001080449	INTRON	13	4	0	12	12	8	7	8	4	10
chr7	5256554	5256720	+	NM_001033518	INTRON	0	0	0	0	1	0	0	0	0	0
chr3	40571807	40607755	+	NM_001287245	INTRON	0	0	0	0	0	2	0	0	0	0
chr1	161165235	161165964	+	NM_001320336	INTRON	0	0	0	0	0	2	0	0	2	0
chr6	157100605	157123253	+	NR_039676	INTRON	2	0	0	0	1	0	0	0	0	0
chr11	8498830	8609512	-	NM_030906	INTRON	0	2	0	0	0	0	0	0	0	0
chr17	37356996	37357465	+	NM_001330200	INTRON	591	940	6	890	1225	565	723	684	857	479
chr14	31177271	31182921	+	NM_001257376	INTRON	2	11	0	2	3	0	1	0	0	0
chr17	42786734	42800247	+	NM_025104	INTRON	8	11	0	14	12	14	18	3	6	8
chr2	99796168	99802639	+	NM_001320417	INTRON	0	0	0	0	1	0	0	0	0	0
chr4	39456240	39456536	-	NM_000661	INTRON	0	0	0	0	0	0	0	0	2	0
chr12	32893206	32893342	+	NM_001278463	INTRON	0	0	0	0	0	0	1	0	0	0
chr17	1543036	1543741	-	NR_028075	INTRON	0	0	0	2	0	0	1	0	1	1
chr20	34309798	34317383	-	NM_001242599	INTRON	0	0	0	1	0	0	0	0	0	0
chr6	107011801	107016346	+	NM_001624	INTRON	486	553	3	537	438	190	284	239	564	253
chr17	74527773	74546943	-	NM_134268	INTRON	0	1	0	0	2	2	1	1	0	1
chr6	116439108	116542216	+	NM_000493	INTRON	149	112	0	152	142	166	137	111	177	150
chr11	118307659	118307977	+	NM_001197104	INTRON	2	2	0	0	4	1	11	0	1	0
chr22	38276853	38282771	+	NM_001242923	INTRON	0	0	0	0	0	0	0	0	1	0
chrX	40593130	40594449	-	NM_004229	INTRON	0	3	0	0	0	0	1	4	0	0
chr18	33620828	33634939	-	NM_001303411	INTRON	0	0	0	0	0	0	0	1	0	0
chr6	122777723	122777745	-	NM_020755	INTRON	0	0	0	0	1	0	0	0	0	0
chr1	41494417	41499654	+	NM_001031694	INTRON	0	0	0	0	0	0	0	2	0	0
chr5	115205825	115249058	+	NM_001002924	INTRON	10	19	0	20	8	8	1	6	17	6
chr12	49943423	49946582	+	NM_001314030	INTRON	0	0	0	0	0	0	0	0	2	0
chr2	86259505	86259747	-	NM_015425	INTRON	15	23	0	9	9	11	5	13	12	5
chr10	28824686	28824838	+	NM_016628	INTRON	208	390	2	253	315	155	232	432	166	177
chr1	21107033	21113006	-	NM_016287	INTRON	11	13	0	5	26	22	16	25	31	14
chr5	64907708	64909924	-	NM_001656	INTRON	12	13	0	8	5	3	9	24	2	6
chr13	29237724	29249553	+	NM_015932	INTRON	0	0	0	0	0	0	0	0	0	2
chr12	104336574	104341088	+	NM_003299	INTRON	0	0	0	0	1	0	0	0	0	0
chr9	135894966	135896299	+	NR_132980	INTRON	0	0	0	1	0	0	0	0	0	0
chrX	153994199	153994539	+	NM_001142463	INTRON	0	2	0	0	2	0	0	0	0	0
chr5	145649147	145650013	+	NM_018989	INTRON	0	0	0	4	1	0	0	0	0	0
chr1	160582370	160598604	-	NM_001330754	INTRON	0	2	0	0	0	0	0	0	0	0
chr17	973321	975853	-	NM_001092	INTRON	0	0	0	0	0	0	0	0	0	1
chr6	97616116	97618622	-	NM_198468	INTRON	0	0	0	0	0	2	1	0	0	0
chr2	179393154	179394967	-	NM_001256850	INTRON	0	0	0	2	0	0	0	0	0	0
chr12	114395855	114397016	-	NM_001146698	INTRON	89	121	0	91	171	103	151	71	209	118
chr2	234164841	234171613	+	NM_001190266	INTRON	0	2	0	0	0	3	4	0	0	0
chr4	25270825	25291990	+	NM_018323	INTRON	1	3	0	1	0	4	1	0	3	1
chr2	96947660	96948769	-	NM_014014	INTRON	0	0	0	0	0	0	0	2	0	0
chr17	48460596	48462478	+	NM_018509	INTRON	2	7	0	0	0	0	2	6	4	2
chr3	12877566	12877591	-	NM_000994	INTRON	0	0	0	0	0	0	0	0	1	0
chr1	174221911	174228111	+	NM_014857	INTRON	0	0	0	0	2	0	0	0	0	0
chr11	126136173	126136363	-	NM_001177842	INTRON	12	12	0	8	13	8	7	6	9	5
chr9	35066738	35066776	-	NM_007126	INTRON	0	0	0	0	0	0	0	0	2	0
chr9	127119078	127167700	-	NR_027406	INTRON	0	0	0	0	0	0	0	0	0	2
chr1	161008463	161008669	-	NM_001113205	INTRON	157	248	0	332	325	216	266	224	482	369
chr18	8625992	8633186	+	NM_001025300	INTRON	0	0	0	0	0	0	0	0	0	1
chr14	91143004	91144167	-	NM_001010854	INTRON	0	0	0	1	0	0	0	0	0	0
chr19	35769977	35770075	+	NM_001321150	INTRON	0	0	0	0	0	0	0	0	1	0
chr2	37450540	37454686	-	NM_005760	INTRON	0	0	0	2	2	2	0	0	0	2
chr1	231396429	231396536	+	NM_001316350	INTRON	4	11	0	7	3	0	11	12	3	4
chr15	55648607	55664082	-	NM_004748	INTRON	0	5	0	2	0	0	0	1	1	0
chr3	196664502	196666121	-	NM_001308036	INTRON	0	0	0	0	4	1	1	0	4	1
chr10	12288664	12291579	+	NM_006023	INTRON	4	8	0	12	16	17	6	18	10	18
chr11	118888149	118888238	-	NM_001028	INTRON	0	0	0	0	0	0	0	0	2	0
chr11	102188302	102192567	+	NM_001165	INTRON	32	51	1	35	36	32	55	24	29	18
chr20	61711774	61713533	+	NR_033370	INTRON	0	0	0	0	0	0	0	0	2	0
chr1	167974031	167992225	+	NM_001198956	INTRON	9	17	0	29	33	35	50	20	50	29
chr1	27175242	27176791	+	NM_032283	INTRON	0	0	0	0	0	0	1	0	0	0
chr4	128878745	128887051	-	NM_152778	INTRON	2	0	0	0	0	0	0	0	0	1
chr12	110341019	110341741	+	NM_001143852	INTRON	23	35	0	24	48	39	43	27	44	25
chr10	113915811	113916096	-	NM_001244949	INTRON	0	0	0	0	0	0	0	1	0	0
chrX	102025348	102027233	+	NR_038988	INTRON	0	0	0	0	2	0	0	0	0	0
chr13	46730705	46733733	-	NM_002298	INTRON	2	5	0	3	4	2	22	7	6	6
chr12	40442012	40446105	-	NM_052885	INTRON	0	0	0	0	0	2	0	0	0	0
chr11	77319630	77320835	-	NM_173039	INTRON	0	0	0	2	0	0	0	0	0	0
chr4	843856	858909	-	NM_001318134	INTRON	0	2	0	2	0	0	0	0	0	0
chr3	171851285	171944660	+	NM_001135095	INTRON	0	0	0	0	0	0	0	0	0	1
chr2	110035188	110035994	+	NM_001099289	INTRON	0	0	0	0	0	0	0	0	2	0
chr2	174945976	175006552	-	NM_001328688	INTRON	2	0	0	0	0	0	0	0	0	0
chr17	37915021	37915837	-	NM_001257408	INTRON	1	0	0	0	2	0	0	0	0	2
chrX	62898452	62917127	-	NM_001173479	INTRON	0	0	0	0	0	0	1	0	0	0
chrUn_gl000220	113647	157532	+	NR_046235	INTRON	0	0	0	0	0	0	1	0	0	0
chr1	39379466	39384866	+	NM_001304746	INTRON	0	0	0	0	0	0	0	2	0	0
chr8	26497532	26500954	+	NM_001197293	INTRON	0	0	0	0	0	0	0	0	4	1
chr16	3352009	3353758	-	NM_033208	INTRON	2	0	0	2	2	0	0	0	1	0
chrX	24020242	24024105	-	NM_030624	INTRON	2	0	0	4	1	0	5	1	4	0
chr19	7615993	7618757	+	NM_001166111	INTRON	0	0	0	0	0	0	0	0	0	2
chr8	141739519	141749116	-	NR_029892	INTRON	0	0	0	1	0	0	0	0	0	0
chr16	2093727	2093828	-	NM_001318193	INTRON	0	0	0	1	0	0	2	0	0	0
chr4	169206086	169206543	-	NM_017631	INTRON	2	3	0	3	7	3	9	3	4	4
chr22	42154537	42163579	+	NM_152513	INTRON	0	1	0	0	0	0	0	0	0	0
chr17	911504	912918	-	NM_001092	INTRON	0	0	0	0	0	0	0	0	1	0
chrX	48435439	48435466	+	NM_006743	INTRON	0	0	0	0	0	0	0	2	0	0
chrX	135303122	135304551	-	NM_001173516	INTRON	98	131	0	87	171	73	140	92	147	91
chr16	66824922	66830670	-	NM_001136505	INTRON	0	0	0	0	0	0	0	2	0	0
chr16	20920100	20922504	+	NM_001302835	INTRON	0	0	0	2	0	0	0	0	0	0
chr12	88512918	88513890	-	NM_025114	INTRON	2	0	0	0	0	0	0	0	0	0
chr19	39328119	39328234	-	NM_001005335	INTRON	3	2	0	0	0	2	0	2	2	1
chr14	20852391	20852758	-	NM_001319035	INTRON	6	7	0	8	2	8	0	15	5	11
chr11	82894115	82894248	+	NM_001346413	INTRON	0	0	0	0	0	0	2	0	0	0
chr15	59978027	59981333	-	NM_001320675	INTRON	0	0	0	1	2	0	0	0	0	0
chr16	28852450	28900659	+	NM_003321	INTRON	0	0	0	0	0	0	0	0	0	2
chr5	65372236	65372702	-	NM_001006600	INTRON	0	0	0	0	0	2	0	0	0	0
chr21	47649180	47656137	+	NR_110567	INTRON	0	2	0	0	0	0	0	0	1	2
chr1	174721492	174774483	+	NM_001243765	INTRON	0	0	0	0	0	2	0	0	0	0
chr8	135490964	135521861	+	NM_001029939	INTRON	0	0	0	3	0	0	0	1	0	0
chr17	34904250	35034103	+	NM_024835	INTRON	0	0	0	0	0	0	0	2	0	0
chr1	153955704	153955758	-	NM_001272038	INTRON	0	0	0	0	1	0	0	0	0	0
chr22	29966521	29966619	-	NM_001202502	INTRON	0	0	0	0	0	0	0	0	1	0
chr6	74227637	74228223	-	NM_001402	INTRON	0	0	0	0	0	0	1	0	0	0
chr2	176835145	176835491	-	NM_001305008	INTRON	2	0	0	0	0	0	0	0	0	0
chr20	57610181	57611525	+	NM_001256403	INTRON	0	0	0	0	2	0	0	0	0	0
chr19	10385704	10394130	+	NM_000201	INTRON	0	0	0	4	0	0	0	0	2	0
chr13	31037831	31039976	-	NM_001313892	INTRON	0	0	0	2	0	0	0	0	0	0
chr3	87295058	87296541	+	NM_001244644	INTRON	0	2	0	0	0	0	0	0	0	0
chr10	16509209	16513875	+	NM_030664	INTRON	1	0	0	0	0	0	0	0	1	1
chr11	6484846	6486794	-	NM_001248006	INTRON	0	0	0	0	2	0	0	1	2	2
chr12	15100883	15103353	-	NR_135637	INTRON	0	0	0	4	2	0	0	0	0	0
chr16	4641785	4642305	+	NM_001145011	INTRON	0	0	0	0	0	0	0	0	0	1
chr15	48458345	48459545	-	NM_001301210	INTRON	0	0	0	0	0	0	0	0	1	0
chr13	43641919	43659933	+	NM_013238	INTRON	0	0	0	0	0	0	0	0	0	1
chr12	120208615	120208687	-	NM_001206999	INTRON	0	2	0	0	0	0	0	0	0	0
chr7	92343571	92354939	-	NM_001145306	INTRON	0	1	0	0	0	0	1	0	2	0
chr20	2846141	2846900	+	NM_022575	INTRON	0	1	0	0	0	0	0	0	0	0
chr1	202129248	202133042	+	NM_002832	INTRON	0	3	0	0	0	2	0	2	1	1
chr15	62199589	62202375	-	NM_001018088	INTRON	1	0	0	2	2	0	0	0	0	0
chr10	76907007	76910271	+	NM_001174156	INTRON	1	1	0	4	0	3	3	2	1	4
chr9	72965387	72972462	+	NM_015110	INTRON	0	0	0	2	0	0	0	0	0	0
chr11	33757939	33783299	-	NM_000611	INTRON	2	3	0	4	2	0	6	3	7	0
chr15	90129173	90135277	+	NM_001308025	INTRON	0	4	0	10	2	3	4	1	10	0
chr16	2121935	2122849	+	NM_000548	INTRON	2	0	0	0	0	0	0	0	0	0
chr14	58718960	58724462	-	NM_002788	INTRON	0	0	0	0	0	0	2	0	0	0
chr6	90039621	90045020	-	NM_016021	INTRON	0	0	0	0	0	0	0	0	1	0
chr19	49119141	49119165	-	NM_000979	INTRON	0	0	0	2	0	0	0	0	0	0
chr18	47017953	47018130	-	NM_001035006	INTRON	37	83	0	44	58	21	26	45	46	25
chr12	6635781	6636056	+	NM_014865	INTRON	85	83	1	142	138	90	125	76	121	48
chr4	17583437	17584100	+	NM_015907	INTRON	0	0	0	0	0	0	0	0	1	0
chr11	68338572	68341543	+	NM_001164160	INTRON	0	0	0	0	0	0	1	0	0	0
chr11	57414267	57414371	-	NM_145008	INTRON	0	0	0	0	0	0	1	0	0	0
chr19	30448979	30462099	+	NM_001252641	INTRON	0	0	0	0	0	1	2	0	0	0
chr12	48105558	48107057	-	NM_001172439	INTRON	0	1	0	1	2	0	3	1	0	0
chr19	7895267	7911385	+	NM_145245	INTRON	0	0	0	0	0	0	2	0	2	0
chr17	38324670	38325524	+	NM_007359	INTRON	0	0	0	0	0	0	0	4	0	0
chr17	2497300	2541392	-	NM_000430	INTRON	0	0	0	0	0	0	0	2	0	0
chr1	212974120	212976042	+	NM_001042552	INTRON	0	0	0	0	0	0	0	2	0	0
chr10	58119292	58119447	-	NM_001005413	INTRON	0	0	0	0	0	0	0	0	0	1
chr8	68102998	68105698	+	NM_001291339	INTRON	2	0	0	2	0	1	0	0	0	0
chr3	145807431	145809586	-	NM_000935	INTRON	2	0	0	0	1	0	0	1	0	0
chr17	60518059	60522195	+	NM_181725	INTRON	0	0	0	0	0	0	0	4	0	0
chr3	127396686	127400964	+	NM_032548	INTRON	0	0	0	1	0	0	0	0	0	0
chr7	137294355	137304584	-	NM_001321708	INTRON	0	0	0	0	0	0	0	0	0	4
chr7	97869666	97870162	-	NM_015395	INTRON	1	0	0	0	0	0	1	2	1	2
chr19	14184689	14185136	+	NM_001291291	INTRON	0	0	0	0	0	0	0	0	8	1
chr8	20016036	20073659	+	NM_001135691	INTRON	0	0	0	0	0	0	0	0	1	0
chr7	137593182	137597736	-	NM_001253775	INTRON	33	47	0	27	24	27	27	44	34	23
chr1	68152792	68153343	+	NM_001199741	INTRON	4	1	0	1	1	1	2	0	2	1
chr1	226250085	226250435	+	NM_002107	INTRON	0	0	0	0	0	0	0	2	0	0
chr10	75578025	75579289	-	NM_001320898	INTRON	0	5	0	0	0	1	0	1	1	4
chr11	64532990	64533422	-	NM_001178031	INTRON	7	22	0	12	24	26	42	38	55	9
chr9	137020889	137023014	+	NM_017588	INTRON	0	0	0	0	0	0	0	0	2	0
chr6	86251761	86275049	-	NM_001297614	INTRON	0	0	0	0	4	0	0	0	0	0
chrX	70504256	70504833	+	NM_001145408	INTRON	1	0	0	0	0	0	0	0	0	0
chr8	42146246	42146774	+	NM_001190720	INTRON	0	0	0	0	1	2	0	6	0	1
chr1	228585461	228588664	-	NM_145214	INTRON	0	0	0	0	2	0	0	0	2	0
chr3	33731424	33759299	-	NM_015097	INTRON	0	0	0	0	0	2	1	0	0	0
chrUn_gl000219	54293	57392	-	NR_027436	INTRON	0	0	0	0	0	0	1	0	0	0
chr22	39631879	39639905	-	NM_033016	INTRON	0	2	0	0	0	0	0	0	0	0
chr17	21102133	21117403	-	NM_003876	INTRON	0	0	0	0	0	0	0	0	0	2
chr5	137295903	137333523	-	NM_001101800	INTRON	0	0	0	0	0	0	0	0	0	1
chr18	21104446	21107758	+	NM_001276342	INTRON	1	0	0	4	1	4	1	2	2	0
chr1	93657663	93659172	+	NM_001306076	INTRON	8	25	0	18	24	17	23	23	7	10
chr5	37187674	37187834	-	NM_023073	INTRON	4	7	0	5	5	2	10	6	2	2
chr17	74722369	74729059	+	NM_001081461	INTRON	10	9	0	10	8	1	14	19	10	6
chr11	119604483	119605674	+	NR_120587	INTRON	0	0	0	0	2	0	0	0	0	0
chr1	212869254	212870302	-	NM_018664	INTRON	17	23	1	32	37	17	27	16	39	25
chr9	108118662	108120624	+	NM_001286730	INTRON	11	22	0	24	20	36	8	41	37	16
chr6	34839702	34840089	+	NM_017754	INTRON	56	190	0	139	110	125	119	120	153	77
chr8	74204555	74204597	-	NM_000971	INTRON	0	0	0	0	0	0	2	0	0	0
chr7	128807886	128808303	+	NM_178562	INTRON	0	0	0	1	0	0	0	0	0	0
chr3	72428578	72454887	-	NM_012234	INTRON	1	0	0	0	0	0	0	2	6	0
chr11	130062426	130064043	+	NM_021978	INTRON	2	0	0	0	0	0	0	0	0	0
chr12	54966988	55251506	+	NM_000924	INTRON	0	0	0	0	0	0	0	0	1	0
chr22	19504416	19506366	+	NM_001178010	INTRON	252	370	4	257	332	298	205	260	349	259
chr4	166141211	166182537	+	NM_001161521	INTRON	0	0	0	0	0	0	0	2	0	0
chr1	51929470	51930932	-	NM_001981	INTRON	19	51	1	56	34	53	62	38	71	38
chr17	76134813	76137497	+	NM_152468	INTRON	0	0	0	1	0	0	3	0	0	0
chr19	11835069	11836015	-	NM_001080493	INTRON	14	17	2	13	9	5	13	20	18	12
chr16	28916365	28917024	-	NM_024816	INTRON	0	0	0	0	0	0	0	1	0	0
chr7	72865324	72869822	-	NM_032408	INTRON	0	0	0	0	2	0	0	0	0	0
chr2	238638485	238657006	+	NM_001137550	INTRON	0	0	0	2	0	0	4	0	0	0
chr14	19921470	19921590	-	NR_122112	INTRON	0	3	0	2	1	0	0	0	0	0
chr1	54675764	54675795	+	NM_001330602	INTRON	0	0	0	0	0	0	0	0	2	0
chr7	98019869	98030113	-	NM_018842	INTRON	0	0	0	2	0	0	0	0	0	0
chr21	15889093	15889212	-	NM_001256370	INTRON	1	8	0	2	2	5	0	2	2	3
chr11	65716607	65827459	+	NM_152762	INTRON	0	0	0	0	0	0	0	1	0	0
chr14	58790335	58796256	+	NM_002892	INTRON	0	0	0	0	0	0	0	2	0	0
chr16	3293694	3293859	-	NM_000243	INTRON	0	0	0	1	0	0	0	0	1	0
chr3	50131216	50143059	+	NM_005778	INTRON	0	0	0	0	2	0	0	0	0	0
chr1	104080106	104083411	+	NM_017619	INTRON	0	0	0	0	1	0	1	0	0	0
chr1	12089338	12091322	+	NM_021933	INTRON	0	0	0	0	0	0	0	0	0	3
chr12	113532752	113532854	+	NM_004416	INTRON	0	2	0	0	0	0	0	0	1	0
chr6	29911187	30228252	+	NM_002116	INTRON	0	0	0	0	2	0	0	0	0	0
chr8	1719763	1728415	+	NM_018941	INTRON	12	14	0	9	20	11	13	11	50	22
chr12	120637011	120637112	-	NM_001002	INTRON	1	0	0	0	1	0	0	0	0	0
chr12	31227025	31231323	+	NM_004399	INTRON	30	30	0	41	32	34	36	31	51	11
chr5	76785397	76787994	-	NM_018268	INTRON	72	57	0	96	121	151	110	84	172	54
chr8	125565933	125567982	-	NM_001282971	INTRON	0	5	0	2	2	2	1	0	1	0
chr9	88635884	88636815	+	NM_001321881	INTRON	44	55	0	51	46	70	60	76	64	63
chr17	4901451	4901978	+	NM_006612	INTRON	0	0	0	0	0	0	0	1	0	0
chr12	56999847	57000030	+	NM_001300905	INTRON	0	0	0	5	0	0	0	4	2	0
chr10	52350007	52384679	-	NM_147156	INTRON	0	0	0	0	0	0	1	1	0	0
chr3	141464049	141465953	+	NM_001201370	INTRON	3	4	0	5	8	6	4	1	2	3
chr20	33530809	33533755	-	NM_000178	INTRON	206	199	2	346	359	201	324	196	501	246
chr4	84378111	84396620	+	NM_001297769	INTRON	3	2	0	0	2	0	0	0	0	0
chrX	62974556	62974898	-	NM_015185	INTRON	0	0	0	0	4	0	0	1	3	0
chr3	16345099	16346333	+	NM_001330670	INTRON	0	1	0	0	0	0	0	0	0	0
