chr	start	end	strand	NM	intron	SAMPLE01_S12_L001_R.txt	SAMPLE02_S6_L001_R.txt	SAMPLE03_S8_L001_R.txt	SAMPLE04_S5_L001_R.txt	SAMPLE05_S2_L001_R.txt	SAMPLE06_S4_L001_R.txt	SAMPLE07_S1_L001_R.txt	SAMPLE08_S11_L001_R.txt	SAMPLE09_S16_L001_R.txt	SAMPLE10_S7_L001_R.txt	SAMPLE11_S15_L001_R.txt	SAMPLE12_S10_L001_R.txt	SAMPLE13_S20_L001_R.txt	SAMPLE14_S14_L001_R.txt	SAMPLE15_S18_L001_R.txt	SAMPLE16_S19_L001_R.txt	SAMPLE17_S17_L001_R.txt	SAMPLE18_S9_L001_R.txt	SAMPLE19_S13_L001_R.txt	SAMPLE20_S3_L001_R.txt
chr11	64117140	64117362	+	NM_032251	INTRON	0	1	0	4	0	3	5	2	4	5	0	7	2	5	4	2	2	2	11	2
chr6	10903196	10907774	+	NM_001040274	INTRON	2	2	2	1	0	9	0	0	3	3	0	2	0	0	0	0	0	0	0	0
chr20	37518308	37529223	+	NM_001172735	INTRON	1	0	0	0	0	0	0	2	0	0	0	0	0	0	0	0	0	0	0	0
chr7	76943806	76950041	-	NM_017439	INTRON	28	92	59	66	64	57	136	64	35	65	58	27	23	88	14	72	61	7	99	64
chr9	123705787	123716007	-	NM_001317163	INTRON	0	0	0	0	0	0	0	0	0	0	0	1	0	0	0	0	0	0	2	0
chr12	22697113	22697253	-	NM_001286174	INTRON	18	16	18	21	30	0	17	48	9	25	33	20	28	21	21	24	10	11	19	12
chr9	71580886	71590579	-	NR_110647	INTRON	0	0	0	0	0	0	0	0	0	0	0	0	0	0	0	0	0	0	2	0
chr7	139478164	139480538	+	NM_001130966	INTRON	0	0	0	0	0	0	0	0	0	0	0	0	0	1	0	0	0	0	0	0
chr6	44214932	44220781	+	NM_001271969	INTRON	0	0	0	0	0	0	0	0	0	0	0	2	0	0	0	0	0	0	0	0
chr7	151816415	151817915	+	NM_001304514	INTRON	0	0	0	0	0	0	0	0	0	0	0	2	0	0	0	0	0	0	0	0
chr1	113655382	113657050	+	NM_001312686	INTRON	0	0	0	0	0	0	0	0	0	0	3	0	0	0	0	0	0	0	0	0
chr13	31725187	31725275	-	NM_001286503	INTRON	0	0	1	0	0	0	2	0	0	0	0	0	0	0	0	0	0	0	0	0
chr2	54697123	54753508	+	NM_003128	INTRON	2	0	0	0	2	0	0	9	0	0	0	8	4	0	10	3	0	10	0	0
chr12	113345024	113345477	+	NM_001032409	INTRON	0	0	0	0	0	2	0	0	0	0	1	0	0	0	0	0	0	0	0	0
chr17	36902854	36904131	-	NM_007144	INTRON	0	0	0	0	0	0	0	0	1	0	0	0	0	0	0	0	0	0	0	0
chr20	23361913	23370582	-	NM_001283018	INTRON	0	0	0	0	0	0	0	0	0	0	0	0	0	0	0	0	0	0	0	2
chr7	65340956	65413657	+	NM_173517	INTRON	0	0	0	0	0	0	0	0	0	0	0	0	0	0	0	1	0	0	0	0
chr15	56677502	56681515	+	NM_001286449	INTRON	0	0	0	0	0	0	0	0	0	0	0	0	0	0	0	2	0	0	0	0
chr12	123693715	123730835	+	NM_022782	INTRON	0	0	2	0	0	0	0	0	0	0	0	0	0	0	0	0	0	0	0	0
chr12	57032098	57032170	-	NM_001686	INTRON	0	0	0	0	0	2	0	0	0	0	0	0	0	0	0	0	0	0	0	0
chr5	179267402	179267871	-	NM_001017987	INTRON	0	0	0	0	0	0	0	0	0	0	0	1	0	0	0	0	0	0	0	2
chr3	129020985	129023434	+	NM_001006109	INTRON	0	0	0	0	0	0	0	1	0	0	0	0	0	0	0	0	0	0	0	0
chr4	154479490	154501977	+	NM_001131007	INTRON	0	0	0	1	0	0	0	1	0	0	0	0	0	0	0	0	0	0	0	0
chr21	39644479	39668847	+	NM_001276436	INTRON	15	0	4	5	0	0	43	3	39	14	0	9	8	0	4	2	11	0	4	2
chr7	156759969	156761780	+	NM_138400	INTRON	0	0	0	0	0	0	0	2	0	2	0	0	0	0	0	0	0	0	0	0
chr14	75598834	75601666	-	NM_006827	INTRON	0	0	0	0	0	3	0	0	0	0	0	0	0	0	0	0	0	0	0	0
chr17	26606050	27131938	+	NR_028334	INTRON	0	0	0	0	0	0	0	0	0	0	0	0	0	0	0	2	0	0	0	0
chr16	11931862	11931889	-	NM_015659	INTRON	0	0	0	0	0	2	0	0	0	0	0	0	0	0	0	0	0	0	0	0
chr12	32884068	32884289	-	NM_001278463	INTRON	0	0	0	1	0	0	0	0	0	0	0	0	2	0	0	0	0	0	0	0
chr4	151837890	151842349	-	NM_001199282	INTRON	41	36	9	17	29	0	20	96	17	18	21	12	18	19	24	21	10	15	22	7
chr6	74227770	74227887	-	NM_001402	INTRON	0	0	0	0	0	0	1	0	0	0	0	0	0	0	0	0	0	0	0	0
chr11	32478927	32707355	-	NR_120548	INTRON	0	0	0	2	0	0	0	0	0	0	0	0	0	0	0	0	0	0	0	0
chr4	95206220	95210623	-	NM_001128429	INTRON	0	2	0	0	0	0	0	2	0	0	0	2	0	0	0	0	0	0	0	0
chr11	108196271	108196784	-	NM_000051	INTRON	0	0	0	0	0	0	0	0	0	2	0	0	0	0	0	0	0	0	0	0
chr16	19702793	19702984	+	NM_001300743	INTRON	0	0	0	0	0	0	0	0	0	0	0	0	0	1	0	0	0	0	0	0
chr1	235296648	235298966	-	NM_001346738	INTRON	0	0	0	0	0	0	0	0	0	0	0	0	0	0	0	0	0	2	1	0
chr6	35436212	35437217	-	NM_007104	INTRON	0	0	0	0	2	0	0	0	0	0	0	0	0	0	0	0	0	0	0	0
chr1	93738860	94030858	+	NM_001306076	INTRON	0	0	0	0	0	0	0	0	0	0	0	0	0	0	0	2	0	0	0	0
chr7	94039133	94039553	+	NM_000089	INTRON	0	0	0	0	0	0	0	0	0	0	0	0	0	0	1	0	0	0	0	0
chr1	46740389	46743492	+	NM_001142548	INTRON	0	0	0	1	0	2	4	0	0	2	0	2	0	0	0	0	1	0	0	0
chr5	34922693	34922799	+	NM_018321	INTRON	260	257	191	350	316	275	256	736	267	236	526	256	589	452	368	476	433	308	848	386
chr2	114390637	114437600	+	NM_001306158	INTRON	0	0	0	0	0	0	0	0	1	0	0	0	0	0	0	0	0	0	0	0
chr17	79827833	79828074	-	NM_001185077	INTRON	0	1	0	0	0	0	0	0	0	0	0	0	0	0	0	0	0	0	0	0
chr1	19243536	19244855	-	NM_001136265	INTRON	53	21	26	40	58	0	56	111	43	54	60	16	53	32	52	75	18	21	46	26
chr5	65473354	65729326	+	NM_001077199	INTRON	0	0	0	0	0	0	0	0	0	0	0	0	0	0	0	0	1	0	0	0
chr9	108302542	108310136	+	NM_001145313	INTRON	0	0	0	0	2	0	0	0	0	0	0	0	0	0	0	0	0	0	0	0
chr19	54631287	54640687	-	NM_015629	INTRON	0	0	0	1	2	0	0	0	2	0	0	0	2	0	0	0	0	2	1	0
chr1	224175856	224180167	-	NR_132119	INTRON	4	0	2	0	5	0	0	2	0	0	0	0	0	0	0	4	2	2	0	0
chr1	89732836	89733193	-	NM_001134486	INTRON	0	0	0	0	0	0	0	0	0	0	0	0	0	1	0	0	0	0	0	0
chr12	112518938	112528529	-	NM_024953	INTRON	6	0	0	7	6	5	6	3	2	1	6	6	5	0	4	4	4	3	1	2
chr20	44464332	44469086	+	NM_001042633	INTRON	0	0	0	0	0	0	0	0	0	0	0	0	0	0	0	0	0	0	2	0
chr10	27541319	27543680	+	NR_003525	INTRON	0	0	0	0	0	0	0	0	0	0	0	0	0	0	1	0	0	0	0	0
chr15	57227728	57355947	+	NM_001322164	INTRON	0	0	0	0	0	0	0	2	0	0	0	0	0	0	0	0	0	0	0	0
chr2	27592786	27592972	-	NM_001318965	INTRON	0	0	1	7	6	0	2	4	6	4	3	3	4	2	4	1	0	5	2	2
chr7	27868286	27868313	+	NM_001079864	INTRON	0	0	0	0	0	2	0	0	0	0	0	0	0	0	0	0	0	0	0	0
chr8	101716594	101730102	-	NM_002568	INTRON	0	0	0	2	0	0	0	0	0	0	0	0	0	0	0	0	0	0	0	0
chr19	36395527	36398119	-	NM_001173514	INTRON	0	0	0	0	0	0	0	0	0	0	0	0	0	2	0	0	0	0	0	0
chr18	56205230	56212277	+	NM_052947	INTRON	0	2	0	0	0	0	0	0	0	0	0	0	0	0	2	0	0	0	0	0
chr3	12877641	12881654	-	NM_000994	INTRON	0	0	0	0	0	1	0	0	0	0	0	0	0	0	0	0	0	0	0	0
chr22	39419019	39427698	+	NM_152426	INTRON	2	1	0	1	0	0	1	1	0	0	3	2	1	0	2	0	2	1	2	0
chr1	43315413	43316620	+	NM_001242739	INTRON	5	2	6	7	9	4	7	4	13	14	2	13	7	7	13	7	10	19	28	3
chr8	74203487	74203881	-	NM_000971	INTRON	0	0	0	0	0	0	0	1	0	0	0	0	0	0	0	2	0	0	0	0
chr1	11148255	11151070	-	NM_001001998	INTRON	0	0	2	0	0	0	0	0	2	4	0	0	0	1	1	0	0	0	0	0
chr20	35153969	35199843	-	NM_001042486	INTRON	0	1	0	1	0	0	2	0	1	0	0	0	1	0	4	0	0	0	1	0
chr17	33310571	33316484	+	NM_002311	INTRON	0	1	0	0	0	0	0	0	0	0	0	1	2	0	0	4	0	0	0	0
chr14	65844319	65922338	+	NM_004480	INTRON	0	0	0	0	0	0	0	0	0	0	1	0	0	2	0	0	0	0	0	0
chr10	79570992	79571218	-	NM_004747	INTRON	4	0	1	0	0	0	0	0	0	0	0	0	0	0	0	0	0	0	0	2
chr12	57011316	57023457	-	NM_001300905	INTRON	1	1	0	0	0	0	0	0	0	4	0	0	0	0	0	0	0	0	0	0
chr19	17887502	17887531	+	NM_001161357	INTRON	0	0	0	0	0	0	0	0	0	0	0	0	0	2	0	0	0	0	0	0
chr19	11998801	12014378	+	NM_001321163	INTRON	0	0	0	0	0	0	0	2	0	0	0	2	0	0	0	0	0	0	0	0
chrX	11134080	11135386	+	NM_001122608	INTRON	0	0	2	0	0	0	0	0	0	0	0	0	0	0	0	0	0	0	0	0
chr19	39457492	39466209	-	NM_024907	INTRON	0	0	0	0	0	0	0	0	0	0	0	0	0	0	0	0	0	2	0	0
chr22	24110111	24316227	-	NM_001301339	INTRON	0	0	0	2	0	0	0	0	0	0	0	0	0	0	0	0	0	0	0	0
chr17	4647142	4647285	+	NM_001136046	INTRON	2	0	0	0	0	0	0	0	1	0	0	0	0	0	0	0	0	0	0	0
chr3	44674091	44681432	+	NM_001024855	INTRON	0	0	0	0	0	0	0	0	0	0	0	0	0	0	0	0	0	0	2	0
chr10	81568588	81571868	-	NR_120611	INTRON	0	0	0	0	0	3	0	0	0	0	0	0	0	0	0	0	0	2	1	0
chr17	54990494	54990752	-	NM_005082	INTRON	6	5	0	2	1	0	2	0	3	4	1	2	1	2	2	0	0	0	5	8
chr6	26409961	26410093	+	NM_001145008	INTRON	0	0	0	0	0	2	0	0	0	0	0	0	1	0	0	0	0	0	0	0
chr21	36259393	36421138	-	NM_001001890	INTRON	0	0	1	0	4	0	0	1	0	0	0	0	0	2	0	0	0	0	0	0
chr8	74907476	74917030	+	NM_015364	INTRON	0	1	0	1	0	0	0	0	0	0	0	0	0	0	0	0	0	0	0	0
chr3	48900092	48921429	-	NM_000387	INTRON	2	0	0	2	0	0	2	0	0	0	0	0	0	0	0	0	0	0	1	0
chr2	26416545	26416597	-	NM_000182	INTRON	0	0	0	0	0	0	0	0	0	2	2	0	0	0	0	0	0	0	0	0
chr8	25297180	25298092	-	NM_017634	INTRON	69	79	47	104	69	39	90	208	45	98	60	56	53	71	117	87	57	91	183	94
chr1	236717039	236717897	+	NM_018072	INTRON	0	0	2	0	0	0	0	0	0	0	0	0	0	0	0	0	0	0	0	0
chr2	28812637	28821518	+	NM_001170585	INTRON	0	0	0	0	0	0	0	0	0	0	0	0	0	0	2	0	0	0	0	0
chr1	245010008	245017520	-	NM_004501	INTRON	1	0	2	1	0	0	1	0	1	0	0	0	1	0	0	0	0	2	0	0
chr19	40477145	40480200	+	NM_006503	INTRON	0	0	0	0	0	0	0	0	0	0	0	0	1	0	0	0	0	0	0	0
chr2	128703133	128707442	-	NM_001145928	INTRON	99	86	84	70	89	69	90	222	96	92	61	115	87	104	100	131	68	92	200	78
chr17	1554750	1641448	-	NM_006445	INTRON	0	0	0	0	0	0	0	0	0	0	0	0	0	0	0	0	0	0	1	0
chrX	48325464	48326096	-	NM_033518	INTRON	156	148	110	146	124	66	122	245	114	92	392	121	390	171	298	172	139	120	106	115
chr22	31302056	31302183	+	NM_001282741	INTRON	3	0	0	1	0	2	0	1	0	1	0	3	1	0	6	0	0	2	5	2
chr4	48106972	48111997	-	NM_003328	INTRON	0	0	0	2	0	0	0	1	0	0	0	0	0	2	0	0	0	0	0	0
chr10	98146835	98154943	-	NM_012465	INTRON	0	0	0	0	0	0	0	0	0	0	0	0	0	0	2	0	0	0	0	0
chrX	19663593	19665674	-	NM_001024666	INTRON	0	0	0	0	0	0	0	0	0	0	0	0	0	0	0	0	0	0	0	1
chr10	70990512	70992519	+	NR_120648	INTRON	0	0	0	2	0	0	0	0	0	0	0	0	0	0	0	0	0	0	0	0
chr19	21216990	21280990	+	NM_001172671	INTRON	0	0	0	0	0	0	0	0	0	0	0	0	0	2	0	0	0	0	0	0
chr11	93421031	93428662	+	NM_033395	INTRON	0	0	0	0	0	0	1	0	0	0	0	0	0	2	0	0	0	0	4	0
chr1	31905893	32081736	+	NM_001199037	INTRON	0	0	0	0	0	0	0	0	0	2	0	0	0	0	0	0	0	0	0	0
chr2	37505132	37506888	+	NM_005813	INTRON	0	0	4	0	0	0	0	0	0	0	0	0	0	0	0	0	0	0	0	0
chr17	41369331	41369699	+	NM_001291586	INTRON	56	19	9	69	59	15	60	64	50	60	33	102	83	58	110	38	50	56	83	67
chr4	119756986	119757494	+	NM_001318066	INTRON	2	1	0	0	1	0	0	0	0	0	1	0	0	0	0	0	0	0	0	0
chr16	23544086	23546208	-	NM_001083614	INTRON	60	70	38	74	87	28	60	146	33	55	130	71	159	67	78	61	57	66	104	70
chr1	35451075	35486194	+	NM_007167	INTRON	0	0	0	2	0	0	0	0	0	0	0	0	0	0	2	0	0	0	0	0
chr17	59946745	59947097	-	NM_001330417	INTRON	0	0	0	0	0	0	0	0	0	0	0	0	0	0	0	0	0	0	4	0
chrX	70327616	70327685	-	NM_000206	INTRON	0	0	0	0	0	0	0	0	0	0	0	0	0	0	0	0	0	0	0	1
chr20	2778704	2778797	-	NM_001184699	INTRON	154	49	2	119	46	150	72	194	46	119	17	352	85	34	305	4	387	296	8	16
chr11	58188476	58294808	-	NM_001005566	INTRON	1	0	0	0	0	0	0	0	0	0	0	0	0	0	0	2	0	0	0	0
chr16	30199150	30199333	+	NM_001193333	INTRON	0	0	0	0	0	0	0	0	0	1	0	0	0	0	0	0	2	0	8	0
chr19	19637069	19637240	+	NM_015965	INTRON	0	0	0	0	0	0	0	2	6	1	0	0	2	0	0	0	3	0	4	1
chr5	139235363	139240229	-	NM_013982	INTRON	0	0	0	0	2	0	0	0	0	0	0	0	0	1	0	0	0	0	0	0
chr15	56658091	56676149	+	NM_001286449	INTRON	0	0	0	0	0	0	0	2	0	0	0	0	1	1	0	0	0	0	0	2
chr19	984498	985864	+	NM_024100	INTRON	0	2	1	2	2	0	0	0	0	1	2	2	0	0	0	0	0	0	2	0
chr9	304704	311953	+	NM_001190458	INTRON	82	156	81	108	124	37	136	258	95	93	197	76	80	131	171	141	107	97	242	97
chr1	85573860	85575257	+	NM_001288563	INTRON	0	0	1	0	0	0	0	0	0	0	0	0	0	0	0	0	0	0	2	0
chr4	83292737	83294598	-	NM_002138	INTRON	739	645	642	827	781	583	756	1517	761	703	1381	838	1140	1270	1209	970	1006	984	1572	902
chr7	150500920	150501914	+	NM_018487	INTRON	0	0	0	0	0	0	0	0	0	0	0	0	0	0	0	0	0	2	0	0
chr16	56508862	56509418	+	NM_001324357	INTRON	223	167	153	193	222	141	172	379	160	164	331	235	344	298	313	271	174	216	357	239
chr15	42462090	42470415	-	NM_001301138	INTRON	0	0	0	0	0	0	0	0	1	0	0	0	0	0	3	0	0	0	0	0
chr19	49797810	49834332	-	NR_036209	INTRON	0	0	0	0	0	0	2	0	0	0	0	0	0	0	0	0	0	2	1	2
chr6	28186116	28186341	+	NR_002936	INTRON	0	0	0	0	0	0	0	0	0	0	0	0	0	0	0	6	0	0	0	0
chr20	13769298	13782131	+	NM_001039375	INTRON	0	0	0	0	0	0	0	0	0	0	2	0	0	0	0	2	0	0	0	0
chr5	56510020	56517216	+	NM_001127235	INTRON	0	0	0	2	0	0	0	0	0	0	0	0	0	0	0	0	0	0	0	0
chr2	217364056	217364744	+	NM_000998	INTRON	0	0	0	0	0	0	0	0	0	0	0	0	0	0	0	2	0	0	0	0
chr2	191524721	191535051	-	NM_001321312	INTRON	0	0	0	0	0	0	0	0	0	2	0	0	0	0	0	0	0	0	0	0
chr1	207140457	207140927	-	NM_001122979	INTRON	3	0	0	2	0	2	3	24	2	0	0	17	1	0	4	0	1	11	3	0
chr11	118888153	118888243	-	NM_001028	INTRON	0	0	0	0	0	1	0	0	0	0	0	0	0	0	0	0	0	0	0	0
chr18	48591839	48593388	+	NM_005359	INTRON	0	0	0	1	0	0	0	2	0	0	0	2	1	0	0	0	1	0	4	0
chrX	16816978	16836696	+	NM_018360	INTRON	0	0	0	0	0	0	0	0	0	1	0	0	0	0	0	0	0	0	0	0
chr3	121377194	121379666	+	NM_001292041	INTRON	4	10	1	12	12	2	3	9	3	2	3	6	6	6	0	7	2	1	2	5
chr12	54675286	54680445	+	NM_002136	INTRON	7	5	2	15	7	7	8	32	9	9	10	17	17	31	3	21	12	2	45	13
chr9	131312221	131314646	-	NM_001130438	INTRON	0	0	0	0	0	0	0	0	1	0	0	0	0	0	0	0	0	0	0	0
chrX	19377141	19377606	+	NM_000284	INTRON	0	0	0	0	0	2	0	0	0	0	0	0	0	0	0	0	0	0	0	0
chr11	93890406	93923336	-	NM_015368	INTRON	0	0	0	0	0	0	0	0	0	0	0	2	0	0	0	0	0	0	0	0
chr17	9615449	9631270	+	NM_001267576	INTRON	0	0	0	1	0	1	7	1	0	3	0	1	1	0	0	1	2	0	0	0
chr3	9933788	10187945	+	NM_032492	INTRON	0	0	0	0	0	0	0	0	0	0	0	0	0	0	0	0	0	0	2	0
chr3	52242263	52245298	-	NM_000688	INTRON	6	9	2	4	0	4	2	4	0	0	0	0	4	10	0	2	2	0	3	4
chr1	222904858	222905969	+	NM_001288579	INTRON	70	77	65	65	63	57	100	184	77	65	59	88	88	103	99	90	60	117	158	71
chr19	50385409	50385576	+	NM_001168222	INTRON	0	0	0	0	0	0	0	0	0	2	2	0	0	0	0	0	0	0	0	0
chr22	20847504	20850046	-	NM_032775	INTRON	0	0	0	0	2	0	0	0	0	0	2	0	0	0	0	0	0	0	0	0
chr10	11569566	11615604	-	NM_001080491	INTRON	0	0	0	2	0	0	0	0	0	2	0	0	0	2	0	0	0	2	4	0
chrX	55935233	55978064	+	NM_001324105	INTRON	0	0	0	0	0	0	0	0	0	0	0	0	0	0	0	0	1	0	0	0
chrUn_gl000219	88319	88347	-	NR_027436	INTRON	0	0	0	0	0	0	0	0	0	0	0	0	0	0	0	0	1	0	0	0
chr3	142747488	142747743	+	NM_001080415	INTRON	0	0	0	0	0	0	0	0	2	0	0	0	0	0	0	0	0	0	0	0
chr14	70235613	70235737	+	NM_001039465	INTRON	0	0	0	1	0	0	0	0	0	0	0	0	0	0	1	0	0	0	0	0
chr9	136899978	136901153	-	NM_007371	INTRON	0	0	0	0	0	0	0	2	0	0	0	0	0	0	0	0	0	0	0	0
chr1	53413752	53427174	+	NM_001193599	INTRON	0	0	0	0	0	0	0	0	0	0	0	0	0	0	0	0	2	0	0	0
chr8	28210925	28217108	-	NM_018660	INTRON	0	0	0	0	0	0	0	2	2	0	0	0	0	0	0	0	0	0	0	0
chr6	108224198	108225832	-	NM_007214	INTRON	18	11	4	9	10	2	9	8	2	4	5	0	11	8	5	4	4	3	31	7
chr1	55073429	55073614	+	NM_015547	INTRON	0	0	0	0	0	0	0	1	0	0	0	0	0	0	0	0	0	0	0	0
chr13	46717528	46718576	-	NM_002298	INTRON	0	0	0	0	0	0	0	0	0	0	0	0	0	0	0	0	0	0	2	0
chr1	155823597	155826937	+	NM_001282856	INTRON	0	0	0	0	2	0	0	0	0	0	0	0	0	0	0	0	0	0	0	0
chr12	117157681	117158223	-	NM_024738	INTRON	0	0	1	0	0	0	0	0	0	0	0	0	0	0	0	0	0	0	0	0
chr11	64112629	64116805	-	NM_032251	INTRON	0	0	0	0	0	0	1	0	0	0	0	0	0	0	0	0	0	0	0	0
chr11	66926765	67377075	+	NM_012308	INTRON	0	0	0	0	0	0	0	2	0	0	0	0	0	0	0	0	0	0	0	0
chr17	65344770	65346344	-	NM_001316341	INTRON	265	275	160	215	296	183	285	739	216	192	493	244	554	469	480	374	271	229	663	297
chr4	152022311	152024071	+	NM_001006	INTRON	0	0	0	0	0	0	0	0	0	0	1	0	0	0	0	0	0	0	0	0
chr18	34424265	34465519	-	NM_020776	INTRON	0	0	0	0	0	0	0	0	0	0	0	2	0	0	0	0	0	0	0	0
chr2	30974117	30975918	-	NM_144575	INTRON	0	0	0	0	0	0	0	0	1	0	0	0	0	0	0	0	0	0	0	0
chr20	42815585	42816263	-	NM_020433	INTRON	0	0	0	0	0	0	0	0	0	4	0	0	0	0	0	0	0	0	0	0
chr2	170669636	170671986	-	NM_001293186	INTRON	0	0	0	0	0	0	0	2	0	0	0	0	0	0	0	0	0	0	0	0
chr11	61541619	61546324	-	NM_001127392	INTRON	0	0	0	0	0	0	4	1	0	0	0	0	0	0	0	0	0	2	0	0
chr16	12624667	12790554	+	NM_032167	INTRON	0	0	0	0	1	0	0	0	0	0	0	0	0	0	0	0	0	0	0	0
chr16	67963751	67963854	-	NM_001907	INTRON	0	0	0	2	0	2	0	0	1	2	0	0	0	0	2	0	0	0	0	0
chr2	17888646	17889066	-	NM_001142286	INTRON	0	0	0	0	0	0	0	0	0	0	0	0	0	0	0	0	0	2	2	0
chr22	24020704	24310075	+	NR_024448	INTRON	0	0	0	0	0	0	0	2	0	0	0	0	0	0	0	0	2	0	0	0
chr19	45493874	45494096	-	NM_001282175	INTRON	0	0	0	0	0	0	0	2	0	0	0	0	0	0	0	0	0	0	0	0
chrX	153228884	153229206	-	NM_005334	INTRON	0	0	0	0	0	0	0	0	0	0	0	0	0	0	1	0	0	0	0	0
chrX	153582851	153582983	-	NM_001110556	INTRON	536	449	357	583	510	130	575	1168	377	347	647	565	499	689	778	950	310	455	385	538
chr20	37161501	37163703	+	NM_001282917	INTRON	0	0	0	0	2	0	0	0	0	0	0	0	0	0	0	0	0	0	0	0
chr3	111847071	111849291	-	NM_001190260	INTRON	8	17	9	13	17	10	33	29	21	13	2	9	6	31	1	19	18	10	27	18
chr1	21554534	21560050	+	NM_001113347	INTRON	0	2	0	0	0	0	0	0	0	0	0	0	0	0	0	0	0	0	0	0
chrX	70325987	70327702	-	NM_001025265	INTRON	1	0	0	0	0	0	0	0	0	0	0	0	0	0	0	0	0	0	0	0
chr5	130808437	130815305	-	NM_001164386	INTRON	0	0	0	0	0	0	1	1	0	0	1	0	0	0	0	0	0	0	2	2
chr11	834067	836062	+	NM_004357	INTRON	0	0	0	0	2	0	0	1	0	2	0	0	0	0	0	0	0	0	0	0
chr6	26370570	26445952	+	NM_001197246	INTRON	0	4	0	0	0	0	0	0	0	0	0	0	0	0	0	0	0	0	0	0
chr12	102374061	102419751	-	NM_001301107	INTRON	1	0	0	0	0	0	0	0	0	0	0	0	0	0	0	0	0	0	1	2
chr11	5542141	5542850	-	NR_133006	INTRON	0	0	1	0	0	0	1	1	0	0	0	0	0	0	1	0	0	0	0	0
chr11	72301074	72538256	+	NM_001143839	INTRON	0	0	0	0	0	0	0	0	0	0	0	0	0	0	0	0	0	0	0	2
chr15	66792661	66793335	-	NM_000968	INTRON	0	0	0	0	0	1	0	0	0	0	0	0	0	0	0	0	0	0	0	0
chr11	124334085	124495416	+	NM_001005195	INTRON	0	0	0	0	0	0	0	0	0	0	0	0	0	0	0	1	0	0	0	0
chr20	36839041	37049350	-	NM_001029864	INTRON	0	0	0	0	0	0	0	0	0	0	0	0	0	0	1	0	0	0	0	0
chr15	41378845	41379759	-	NM_017553	INTRON	0	2	0	0	0	0	0	1	0	0	0	0	0	0	0	0	0	0	0	0
chr15	45021750	45023560	+	NR_125376	INTRON	249	282	167	298	265	169	316	475	267	263	332	284	375	520	453	391	241	207	550	334
chr16	47002020	47002044	-	NM_005880	INTRON	0	0	0	0	1	0	0	0	0	0	0	0	0	0	0	0	0	0	0	0
chr17	33895520	33900598	+	NR_135479	INTRON	0	0	0	0	0	0	0	2	0	0	0	0	0	0	0	0	0	0	0	0
chr3	49339975	49355741	-	NM_003363	INTRON	0	0	0	2	0	0	0	0	0	0	0	0	0	0	0	2	0	0	0	0
chr19	52888570	52892872	+	NM_001145434	INTRON	0	0	4	0	0	0	0	0	0	0	0	0	0	0	0	0	0	0	0	0
chr15	44776532	44778748	+	NM_016396	INTRON	0	0	0	0	1	0	0	0	0	0	0	0	0	2	0	0	0	0	0	0
chrX	100531516	100532593	-	NM_001168474	INTRON	0	0	0	0	0	0	0	0	0	0	2	0	0	0	0	0	0	0	0	0
chr19	37999305	38011432	+	NM_001013659	INTRON	0	0	0	1	0	0	0	0	0	0	0	0	0	0	0	0	0	0	0	0
chr3	129115983	129116253	-	NR_002992	INTRON	4	0	2	5	2	0	1	0	0	0	1	0	0	0	3	4	0	0	1	4
chr19	37343174	37367686	+	NM_001242474	INTRON	0	0	0	0	0	0	0	0	0	0	0	0	0	0	0	0	0	0	2	0
chr8	33354815	33355862	+	NM_032509	INTRON	0	0	0	0	0	0	0	0	0	0	0	0	0	0	2	0	0	0	0	0
chr12	56227615	56480796	+	NR_036476	INTRON	0	0	0	0	0	1	0	0	0	0	0	0	0	0	0	0	0	0	0	0
chr6	116980087	116989922	-	NM_145062	INTRON	0	2	0	0	0	0	0	0	0	0	0	0	0	0	0	0	0	0	0	0
chr16	67688802	67689933	+	NM_001013838	INTRON	0	0	0	0	0	0	0	0	0	0	0	0	0	2	0	0	0	0	2	0
chr4	184622961	184626131	-	NM_021942	INTRON	0	2	0	0	0	0	0	0	0	0	0	0	0	0	0	0	0	0	0	0
chr12	51855075	51857397	+	NM_001039960	INTRON	0	0	0	0	2	0	0	0	0	0	0	0	0	0	0	0	0	0	0	0
chr8	190907	192886	+	NM_001042415	INTRON	4	0	8	1	7	0	8	3	3	13	3	7	2	22	9	6	14	12	34	6
chr2	24509214	24516556	-	NM_001348181	INTRON	0	0	0	0	0	0	0	0	0	0	0	0	0	0	1	0	0	0	0	0
chr19	56206117	56206234	+	NM_001130071	INTRON	0	0	0	0	0	2	0	0	0	0	0	0	0	0	0	0	0	0	0	0
chr2	64118440	64147034	+	NM_001001521	INTRON	0	0	0	1	0	0	0	0	0	0	0	0	0	0	0	0	0	0	0	0
chr1	160260399	160260443	-	NM_001098398	INTRON	0	0	0	0	0	0	0	0	0	0	0	0	0	2	0	0	0	0	0	0
chr10	5494488	5494787	+	NM_001047160	INTRON	0	1	0	4	0	0	0	0	1	0	0	0	0	0	0	1	0	0	0	0
chr17	41104685	41105740	-	NM_001136042	INTRON	0	0	0	0	1	0	0	0	0	2	0	2	0	0	0	2	0	0	0	0
chr22	29611028	29621121	+	NM_001267895	INTRON	0	2	0	2	0	0	0	0	3	0	0	1	0	4	0	0	0	2	2	2
chr2	128029029	128030416	-	NM_000122	INTRON	0	0	0	0	0	0	0	0	0	0	0	0	0	1	0	0	0	0	0	0
chr10	43101538	43127376	-	NM_001305040	INTRON	0	0	0	0	0	0	0	0	2	0	0	0	0	0	0	0	0	0	0	0
chr16	11073203	11118718	+	NM_001243403	INTRON	0	0	0	1	0	0	0	0	0	0	0	0	0	0	0	0	0	0	0	0
chr1	201371123	201380510	+	NM_003281	INTRON	0	0	0	0	0	0	0	0	0	0	0	0	0	0	0	0	0	0	0	8
chr1	3440810	3496388	-	NR_030277	INTRON	2	0	6	1	1	0	2	0	0	0	0	10	0	0	1	0	0	0	0	0
chr13	113439571	113459270	+	NM_015205	INTRON	25	39	31	16	4	2	3	40	4	14	38	5	34	28	31	22	6	5	27	26
chr11	33374781	33374843	+	NM_001048200	INTRON	0	0	0	0	0	0	0	0	2	0	0	0	0	0	0	0	0	0	0	0
chr19	55144211	55144439	+	NM_001081637	INTRON	2	0	0	2	2	0	0	0	0	0	2	0	1	0	2	0	0	0	0	3
chr1	10657801	10659294	+	NM_004565	INTRON	0	0	0	0	0	0	0	0	0	0	0	0	0	0	0	0	0	6	0	0
chr10	76132147	76153898	+	NM_001123	INTRON	0	0	0	0	0	0	0	0	0	0	1	0	0	0	0	0	0	2	0	2
chr15	52668755	52671821	-	NM_000259	INTRON	69	47	56	82	35	17	53	110	28	60	41	61	98	32	96	87	37	35	70	32
chr11	76075476	76076895	-	NR_130898	INTRON	16	9	3	7	15	1	3	24	3	0	25	0	26	9	5	3	2	5	13	2
chr15	44085280	44085872	+	NM_001018108	INTRON	0	0	0	0	0	0	0	0	0	0	0	0	1	0	0	0	0	0	0	0
chr2	228146282	228146419	-	NR_102371	INTRON	0	2	0	0	0	2	0	0	0	0	0	0	0	0	0	0	0	0	0	1
chr20	55966874	55967452	+	NM_001291780	INTRON	17	11	5	13	11	0	15	20	13	8	8	2	2	5	0	19	3	2	16	5
chr8	101724639	101724676	-	NM_002568	INTRON	0	0	0	0	0	0	0	0	0	0	0	0	2	0	0	0	0	0	0	0
chr9	100767435	100769915	+	NM_006401	INTRON	2	1	1	0	0	0	0	0	1	0	6	2	1	1	0	0	0	0	7	0
chr19	5137349	5137631	-	NM_015015	INTRON	0	0	0	0	1	0	0	0	0	0	0	0	0	0	0	0	0	0	0	0
chr16	842344	842438	+	NM_022092	INTRON	0	0	0	0	1	0	0	0	0	0	0	0	0	1	0	0	0	0	0	0
chr7	108137199	108137936	-	NM_001256007	INTRON	0	0	0	0	0	0	0	0	0	0	0	0	0	0	0	0	0	0	1	0
chr17	8192839	8192879	+	NM_201520	INTRON	0	0	0	0	0	0	0	0	0	0	0	0	0	0	0	0	0	1	0	0
chr2	74759841	74759992	+	NM_001289164	INTRON	0	0	0	0	0	0	0	0	0	0	0	0	0	0	0	0	0	0	2	0
chr3	191047512	191072044	+	NM_198152	INTRON	0	0	0	0	0	0	0	0	0	0	0	0	0	0	0	0	0	0	2	0
chr11	116824823	116827452	-	NM_001281748	INTRON	0	0	0	0	0	0	0	0	0	0	0	0	0	0	0	0	0	0	2	0
chr6	42615908	42618108	+	NM_015255	INTRON	0	0	0	0	0	0	0	0	0	0	0	0	0	0	0	0	0	0	1	0
chr13	27828371	27829387	+	NM_000982	INTRON	0	0	0	0	0	0	0	0	0	0	0	0	0	0	0	1	0	0	0	0
chr17	27049798	27049858	+	NM_000984	INTRON	0	0	0	0	0	0	0	0	0	0	0	0	2	0	0	0	0	0	0	0
chr5	132161874	132163152	-	NM_133456	INTRON	2	2	1	3	0	5	0	6	0	0	0	2	5	0	2	2	4	0	0	1
chr15	40324438	40324957	+	NM_001013703	INTRON	241	144	128	182	190	220	238	327	221	227	129	218	146	273	198	184	212	197	223	194
chr1	17961511	17964387	+	NM_001011722	INTRON	0	0	0	0	0	2	0	2	0	1	0	2	0	0	0	0	0	0	0	0
chr13	27827908	27828389	+	NM_000982	INTRON	0	0	0	0	0	0	0	2	0	0	0	0	0	0	0	0	0	0	0	0
chr22	24036584	24037359	-	NR_024448	INTRON	0	0	0	0	0	0	0	0	0	0	0	0	0	0	0	0	0	0	0	1
chr7	120478966	120496751	-	NM_012338	INTRON	2	0	0	0	0	0	1	0	0	0	0	0	1	0	0	0	0	0	0	1
chr3	49397815	49405860	-	NM_001313943	INTRON	5	7	2	3	5	0	0	10	2	2	13	3	11	6	4	3	4	0	9	10
chr1	12393423	12395761	-	NM_015378	INTRON	0	0	0	2	0	0	0	0	0	0	0	0	0	0	0	0	0	0	0	0
chr20	37275769	37278399	+	NM_001164431	INTRON	0	0	0	0	0	0	0	0	0	0	0	0	0	0	0	0	0	0	2	0
chr11	102192777	102196196	+	NM_001165	INTRON	0	0	0	0	0	0	0	0	0	0	0	0	0	1	0	0	0	0	0	0
chr19	14517772	14517900	+	NM_001025160	INTRON	10	2	4	5	4	2	2	1	1	2	0	1	2	6	3	8	1	0	14	2
chr7	75114247	75418362	-	NM_001099415	INTRON	0	0	0	0	0	0	0	0	0	0	0	0	0	0	1	0	0	0	0	0
chr3	185644522	185649364	+	NM_004593	INTRON	2	0	0	0	0	0	0	4	0	0	0	0	0	0	0	0	0	0	3	0
chr6	111806064	111808545	+	NR_034111	INTRON	0	0	0	0	0	0	0	0	0	0	0	1	0	0	0	0	0	0	0	0
chr15	41102414	41102585	+	NM_001077268	INTRON	2	0	0	4	3	0	2	5	0	3	1	9	1	2	4	2	3	2	3	5
chrX	11129953	11130138	+	NM_001122608	INTRON	0	0	0	0	0	0	0	0	0	0	0	0	0	0	0	0	0	0	1	0
chr15	66792638	66793293	-	NM_000968	INTRON	0	0	0	0	0	0	0	0	0	0	0	0	0	2	0	0	0	0	0	0
chr2	242206042	242206208	-	NM_001243900	INTRON	0	0	0	0	2	0	0	0	0	0	0	0	0	2	2	0	1	0	1	0
chr3	155621749	155623948	+	NM_003875	INTRON	273	264	153	203	289	128	258	669	237	253	314	163	265	333	284	366	223	162	263	250
chr18	34288358	34292852	-	NM_001281739	INTRON	0	1	0	0	0	0	0	0	0	0	0	0	0	0	0	0	0	0	0	0
chr1	104068568	104068688	+	NM_017619	INTRON	0	0	0	0	0	0	0	0	0	0	0	2	0	0	0	0	0	0	2	0
chr2	37364160	37365412	-	NM_001135651	INTRON	382	203	82	286	404	75	320	731	270	235	461	284	574	458	393	354	231	184	629	300
chr1	200974820	200977896	-	NM_001252100	INTRON	0	0	0	0	0	0	0	0	0	0	1	0	0	0	0	0	0	0	0	0
chr4	124571484	124573941	+	NR_027105	INTRON	0	0	0	0	0	0	0	1	0	0	0	0	0	0	2	0	0	0	0	0
chr11	66582556	66583523	+	NM_001302084	INTRON	0	0	0	0	0	0	0	1	2	0	0	7	0	0	0	0	0	1	0	0
chr7	102114873	102208487	-	NM_006234	INTRON	0	0	1	0	0	0	0	0	0	0	0	0	0	0	0	0	0	0	0	0
chr9	92033033	92041560	-	NM_001142287	INTRON	0	0	2	0	0	0	0	4	2	2	2	0	0	3	1	0	0	0	0	0
chr13	49765520	49771012	+	NM_001079673	INTRON	167	120	96	150	150	85	141	277	179	220	139	170	119	118	217	149	142	113	130	102
chr3	72148162	72149054	-	NR_104116	INTRON	3	46	68	32	71	13	14	36	8	27	34	5	25	51	29	38	57	28	52	43
chr3	191087825	191097449	+	NM_178335	INTRON	0	0	0	0	0	0	0	0	0	0	1	0	0	0	0	0	0	6	5	3
chr19	49166800	49167017	-	NM_145807	INTRON	0	0	0	0	0	0	0	0	1	0	2	0	0	0	6	0	0	0	0	0
chr1	54389620	54405657	-	NM_001316935	INTRON	1	0	2	4	2	6	14	3	3	5	4	2	0	8	6	5	1	4	2	0
chr19	46280652	46280924	-	NM_001081563	INTRON	0	0	0	0	0	0	0	0	2	0	0	0	0	0	0	0	0	0	0	0
chr15	85643297	85643386	+	NM_001243137	INTRON	131	98	82	137	95	217	192	268	228	136	93	175	75	62	109	71	70	112	85	45
chr5	137715953	137717039	+	NM_016604	INTRON	0	0	0	0	0	0	1	0	0	0	0	0	0	0	0	0	0	0	0	0
chr15	40683720	40684166	+	NM_001142761	INTRON	0	0	0	0	0	0	2	0	0	0	0	0	0	0	0	0	0	0	0	0
chr12	56500453	56500486	+	NM_006191	INTRON	0	0	0	0	0	0	0	0	0	0	0	0	0	0	0	0	0	0	1	0
chr10	22605485	22606785	+	NM_001204062	INTRON	0	0	0	0	0	4	0	0	0	3	0	0	0	0	0	0	0	0	0	2
chr16	24833468	24834194	+	NM_001330520	INTRON	123	93	91	113	98	101	131	146	154	153	109	122	141	115	161	135	101	117	224	102
chr17	59981946	59984768	-	NM_001330417	INTRON	44	23	7	36	40	25	25	78	23	14	47	22	29	29	34	27	14	22	54	30
chr6	74227864	74227928	-	NM_001402	INTRON	0	1	0	1	0	0	1	0	0	2	0	0	0	0	0	0	0	0	0	0
chr1	31414119	31414844	-	NM_001020658	INTRON	159	160	135	140	124	97	203	358	165	146	208	124	202	177	191	201	90	154	388	127
chr11	18422557	18424386	-	NM_001165414	INTRON	2	1	0	1	0	0	0	0	0	0	0	0	0	0	0	1	0	0	0	2
chr17	37006643	37006709	-	NM_000978	INTRON	0	0	0	0	0	0	0	0	0	1	0	0	0	0	0	0	0	0	0	0
chr7	102944414	102952719	+	NM_004279	INTRON	0	0	0	0	0	1	0	0	0	0	0	0	0	0	0	0	0	0	0	0
chr22	50662685	50662756	-	NM_020461	INTRON	4	0	0	0	0	0	0	0	2	0	0	0	0	0	2	0	0	0	0	7
chr10	94214296	94220947	-	NM_001165946	INTRON	3	0	0	7	2	2	0	9	4	3	10	1	3	7	4	0	0	0	0	0
chr7	1049832	1051677	+	NM_001134395	INTRON	0	0	0	0	0	0	0	0	0	0	0	0	0	0	0	0	0	1	0	0
chr16	66996430	67194382	+	NM_001185177	INTRON	0	0	0	0	0	0	0	0	0	4	0	0	0	0	0	0	0	0	0	0
chr2	3462286	3464033	+	NM_001321102	INTRON	0	0	0	0	2	0	0	0	0	2	0	0	0	0	0	0	0	0	0	0
chr11	116741117	116744196	-	NM_001281748	INTRON	33	65	58	42	33	31	65	108	42	55	66	42	70	57	105	109	45	94	209	55
chr12	120634539	120634562	-	NM_001002	INTRON	0	0	0	0	0	0	0	0	0	0	0	0	0	0	0	0	1	0	0	0
chr2	68615622	68620279	+	NM_002664	INTRON	2	0	6	1	2	0	2	0	2	3	3	0	1	1	0	4	0	0	12	0
chr4	845762	853393	-	NM_001318134	INTRON	243	162	185	146	246	150	163	264	157	164	194	280	227	294	398	265	199	256	477	263
chr17	53342960	53344136	+	NM_001330375	INTRON	2	0	0	0	0	0	0	0	0	0	0	0	0	0	0	0	0	0	0	0
chr19	8553609	8801330	+	NM_001297418	INTRON	0	0	0	0	0	0	0	0	1	0	0	0	0	0	0	0	0	0	0	0
chr10	89005969	89037950	-	NR_024397	INTRON	0	0	0	0	0	0	0	0	4	0	2	0	0	1	0	2	0	0	1	0
chrX	119072773	119077183	-	NM_024528	INTRON	0	0	0	0	0	0	0	0	0	0	0	0	1	0	0	0	0	0	0	0
chr5	134074482	134076755	+	NM_001745	INTRON	0	4	0	2	0	0	0	0	2	0	0	0	1	1	0	4	1	0	0	4
chr5	149826473	149827207	-	NM_001025070	INTRON	0	0	0	2	0	0	0	0	0	0	0	0	0	0	0	0	0	0	0	0
chr5	179297495	179298470	-	NM_015043	INTRON	0	0	0	0	0	0	0	0	0	0	0	0	0	0	0	0	0	0	0	2
chr3	4847951	4852961	+	NM_001099952	INTRON	0	0	0	0	0	0	0	0	0	0	0	0	0	0	0	0	0	0	0	2
chr4	17842444	17843932	+	NM_153686	INTRON	0	0	0	0	0	0	0	0	0	0	0	0	0	0	0	0	0	4	0	0
chr17	12883550	12887847	+	NM_001321164	INTRON	2	26	16	14	0	2	0	10	0	1	2	7	5	7	23	4	16	1	15	2
chr3	112724789	112727017	-	NM_001319109	INTRON	5	4	3	7	3	4	3	4	0	0	6	2	8	3	4	4	7	3	12	4
chr7	128043808	128090355	-	NM_000883	INTRON	0	0	0	0	0	0	0	1	0	0	0	0	0	0	0	0	0	0	3	0
chr2	159922483	159946095	+	NM_001145909	INTRON	0	0	0	0	0	0	0	1	0	1	0	0	0	0	0	3	3	0	2	0
chr7	100479035	100479669	+	NM_001128852	INTRON	0	0	0	0	0	0	0	0	0	0	0	0	0	0	0	0	0	4	0	0
chr6	41309887	41315181	+	NM_001199509	INTRON	0	0	0	0	1	1	0	1	0	0	0	1	2	0	0	0	0	0	0	2
chr7	99830723	99831281	+	NM_178831	INTRON	0	0	0	0	0	0	0	0	0	0	0	0	0	0	0	0	0	0	1	0
chr9	86591943	86714682	-	NM_001318186	INTRON	0	0	0	0	0	0	0	0	0	0	0	0	2	0	0	0	0	0	0	0
chr16	11794420	11808209	-	NM_001303447	INTRON	2	6	2	6	0	0	1	4	0	0	2	9	8	4	6	8	4	9	3	2
chr1	25558701	25558934	-	NM_015484	INTRON	2	0	0	0	0	0	0	0	0	0	0	0	0	0	0	0	0	0	0	0
chr1	116670960	116690844	+	NM_152367	INTRON	0	0	0	0	0	0	0	0	0	0	0	0	0	0	0	0	2	0	0	0
chr2	61699224	61709761	+	NM_003400	INTRON	0	0	1	0	0	0	0	0	0	0	0	0	0	0	0	0	0	0	0	0
chr15	90138842	90142554	-	NM_001308025	INTRON	0	2	0	0	0	0	0	0	0	0	0	0	0	0	0	1	0	0	0	0
chr8	143396453	143425326	-	NM_001291931	INTRON	0	0	0	0	0	0	0	1	0	0	0	0	0	0	0	0	0	0	0	0
chr1	1310170	1322614	-	NM_001127229	INTRON	0	0	0	0	0	0	0	0	0	0	0	0	0	0	0	0	0	0	0	4
chr14	39870460	39870901	-	NM_203301	INTRON	0	0	0	0	0	0	0	0	0	0	0	0	0	0	6	0	0	0	0	0
chr14	60752459	60758114	+	NM_177951	INTRON	0	1	4	0	0	1	0	0	0	1	0	0	0	0	0	0	0	0	0	0
chr3	128001505	128060075	+	NM_021937	INTRON	0	0	0	0	0	0	0	0	0	0	0	0	0	0	0	0	4	2	0	0
chr19	19257656	19257844	-	NM_001145785	INTRON	0	1	5	1	1	0	1	2	4	4	0	2	1	2	5	1	5	2	16	3
chr15	75631685	75632042	+	NM_001284377	INTRON	160	206	130	208	173	174	178	208	182	153	146	195	107	227	280	144	115	218	215	213
chr5	59943360	59982762	-	NM_001145208	INTRON	0	2	0	0	0	0	0	0	0	0	0	0	0	0	0	0	0	0	0	0
chr10	127564037	127569898	+	NM_018180	INTRON	0	0	0	0	0	0	2	0	0	0	0	0	0	0	0	0	0	0	0	0
chr10	70182647	70190192	-	NM_001080449	INTRON	80	58	33	48	47	20	53	212	42	20	48	26	37	76	49	60	42	45	86	51
chr7	5256554	5256720	+	NM_001033518	INTRON	0	0	0	0	0	0	2	2	0	0	0	0	0	0	0	0	0	0	0	0
chr18	9195696	9211581	+	NM_015208	INTRON	2	0	0	0	0	0	0	0	0	0	2	0	0	0	0	0	0	0	0	0
chr1	161165235	161165964	+	NM_001320336	INTRON	0	0	0	4	0	0	4	3	0	1	0	0	4	2	0	0	1	0	0	4
chr17	37356996	37357465	+	NM_001330200	INTRON	20	36	19	30	20	28	24	41	21	43	49	39	86	44	55	46	58	31	69	40
chr10	79590631	79593661	-	NM_004747	INTRON	0	0	0	0	0	1	0	0	0	0	0	0	0	0	0	0	0	0	0	0
chr17	42786734	42800247	+	NM_025104	INTRON	32	43	37	55	57	14	47	73	52	31	46	33	33	56	67	96	22	40	98	32
chr2	99796168	99802639	+	NM_001320417	INTRON	0	0	0	0	0	0	0	0	0	0	0	1	0	0	0	0	0	0	0	0
chr6_ssto_hap7	4042572	4144668	+	NM_002122	INTRON	0	0	0	0	0	0	0	0	0	0	0	0	0	0	0	0	0	1	0	0
chr17	1543036	1543741	-	NR_028075	INTRON	0	0	0	0	0	0	0	2	0	0	0	0	0	0	0	0	0	0	0	0
chr14	105179943	105180539	-	NM_001031714	INTRON	2	0	0	4	0	0	0	0	0	0	0	3	0	2	0	0	0	2	0	0
chr12	32893206	32893342	+	NM_001278463	INTRON	2	0	0	0	0	0	0	0	0	0	0	0	0	0	1	0	0	0	0	0
chr6	107011801	107016346	+	NM_001624	INTRON	312	763	207	419	682	354	763	729	236	217	359	328	205	993	308	1182	446	226	1497	667
chr9	34610884	34612060	-	NM_148178	INTRON	0	0	0	0	0	0	0	0	0	0	0	0	0	0	0	0	2	0	0	0
chr17	74527773	74546943	-	NM_134268	INTRON	0	0	0	0	0	0	0	0	0	0	2	4	0	0	2	0	0	0	0	0
chr6	116439108	116542216	+	NM_000493	INTRON	573	336	92	384	441	194	589	1113	404	323	178	348	200	386	430	403	301	184	335	250
chr18	21752447	21759701	-	NM_001242508	INTRON	0	0	0	0	0	0	0	1	0	0	0	0	0	0	0	0	0	0	0	0
chr22	24236657	24237047	+	NR_038911	INTRON	0	0	0	2	0	0	0	0	2	0	0	2	0	0	0	0	0	0	0	0
chr12	111099253	111115352	-	NM_001040107	INTRON	2	4	1	2	0	0	2	8	2	2	2	1	5	2	2	2	4	0	6	0
chr2	2952355	3482657	+	NR_110228	INTRON	0	0	0	0	0	0	0	0	1	0	0	0	0	0	0	0	0	0	0	0
chr8	104066214	104068095	+	NM_001695	INTRON	0	0	0	0	0	0	0	0	0	0	0	0	0	0	0	0	1	0	0	0
chr16	58065038	58071375	+	NM_002428	INTRON	3	0	0	0	0	0	0	0	0	0	0	0	0	0	0	0	0	0	0	0
chr17	36059209	36060987	-	NM_000458	INTRON	0	0	0	0	0	0	0	0	0	0	0	0	0	0	0	0	1	0	0	0
chr5	115205825	115249058	+	NM_001002924	INTRON	3	2	2	4	0	5	9	5	3	0	2	0	2	6	3	3	7	4	2	7
chr3	57656275	57657982	-	NM_152678	INTRON	0	0	0	0	0	0	0	0	0	0	0	0	0	0	0	0	0	0	2	0
chr2	86259505	86259747	-	NM_015425	INTRON	0	0	0	0	0	0	0	0	0	0	0	0	0	0	0	1	0	0	0	0
chr3	134670894	134682435	+	NM_004441	INTRON	0	0	0	0	0	0	0	1	0	0	0	0	0	0	0	0	0	0	0	0
chr5	74889099	74889790	+	NM_001345921	INTRON	0	0	0	0	0	0	4	0	0	0	0	0	0	0	0	0	0	0	3	0
chr10	28824686	28824838	+	NM_016628	INTRON	1	1	0	0	2	0	0	3	0	2	0	2	0	1	2	0	1	2	3	1
chr1	21107033	21113006	-	NM_016287	INTRON	27	21	21	47	22	8	14	40	28	24	23	29	28	36	37	39	11	16	39	29
chr5	64907708	64909924	-	NM_001656	INTRON	12	7	1	10	18	1	8	26	5	4	12	14	5	6	21	8	10	10	22	4
chr9	135894966	135896299	+	NR_132980	INTRON	0	0	0	0	0	0	0	0	0	0	0	0	1	0	0	0	0	0	0	0
chr5	147806809	147807310	+	NM_030793	INTRON	0	0	0	0	0	0	1	0	0	0	0	0	0	0	0	0	0	0	0	1
chr6	97616116	97618622	-	NM_198468	INTRON	0	0	0	0	0	0	0	0	0	0	0	0	0	0	0	0	0	0	4	0
chr21	34124922	34161318	-	NR_027873	INTRON	0	0	0	0	0	1	0	0	0	0	0	0	0	0	0	0	0	0	0	0
chr2	179393154	179394967	-	NM_001256850	INTRON	0	0	0	2	0	0	0	0	0	0	0	0	0	0	0	0	1	0	0	0
chr12	114395855	114397016	-	NM_001146698	INTRON	61	92	38	60	80	26	55	156	59	60	70	63	84	64	157	99	76	68	143	56
chr4	25270825	25291990	+	NM_018323	INTRON	4	0	0	0	0	0	0	0	0	0	0	0	0	0	0	0	0	0	0	0
chr10	127489059	127495981	-	NM_001324039	INTRON	0	0	0	0	0	0	0	0	0	0	0	0	0	0	1	0	0	0	0	0
chr17	48460596	48462478	+	NM_018509	INTRON	2	4	0	3	11	4	0	0	4	2	4	0	0	0	4	2	0	0	4	0
chr2	134947819	135075099	+	NM_002410	INTRON	1	0	0	0	0	0	0	0	0	0	0	0	0	0	0	0	0	0	0	0
chr11	126136173	126136363	-	NM_001177842	INTRON	5	1	3	4	8	0	3	2	4	1	5	2	7	0	2	2	4	0	24	3
chr1	161008463	161008669	-	NM_001113205	INTRON	181	229	70	251	338	132	460	262	271	264	151	359	207	215	145	295	239	202	158	260
chr7	101930380	101943811	+	NM_020979	INTRON	0	0	2	0	0	0	0	0	0	0	0	0	0	0	0	0	0	0	0	0
chr18	8625992	8633186	+	NM_001025300	INTRON	2	0	0	0	0	0	0	3	0	0	1	0	2	0	0	0	0	2	5	0
chr16	31503426	31503515	-	NM_022744	INTRON	0	0	0	0	0	0	0	0	0	0	0	0	0	0	0	0	0	0	0	1
chr2	37450540	37454686	-	NM_005760	INTRON	0	0	0	0	0	0	0	0	0	0	0	1	1	0	0	0	0	0	6	0
chr16	11778101	11778830	-	NM_001303447	INTRON	0	0	2	0	0	0	0	0	0	0	0	0	0	0	0	0	0	0	0	0
chr10	12288664	12291579	+	NM_006023	INTRON	0	0	0	0	0	0	0	0	0	0	0	0	0	0	1	0	0	0	0	0
chr3	196664502	196666121	-	NM_001308036	INTRON	5	0	2	3	2	0	3	2	13	1	2	9	1	3	5	12	2	0	10	0
chr3	193151706	193153411	-	NM_032279	INTRON	0	0	0	0	0	0	0	0	0	1	0	0	0	0	0	0	2	0	0	0
chr11	102188302	102192567	+	NM_001165	INTRON	253	170	81	238	325	32	131	420	165	140	215	97	336	134	210	125	107	91	248	105
chr20	61711774	61713533	+	NR_033370	INTRON	0	0	0	0	0	0	0	2	0	2	0	0	1	0	0	0	0	1	0	0
chr1	167974031	167992225	+	NM_001198956	INTRON	68	58	48	58	126	41	61	136	70	65	60	72	92	101	67	77	51	78	68	62
chr11	63531341	63532339	-	NM_001144936	INTRON	0	0	0	0	0	0	0	0	0	0	0	0	1	0	0	0	0	0	0	0
chr1	43783080	43783234	-	NM_001253357	INTRON	0	0	0	1	0	0	0	0	0	0	0	0	0	0	0	0	0	0	0	0
chr5	150422213	150496722	-	NM_001252385	INTRON	0	0	0	0	0	0	0	0	0	0	0	0	0	0	1	0	0	0	0	0
chr1	44173883	44175041	-	NR_125986	INTRON	0	0	0	0	0	0	0	0	0	0	0	2	0	0	0	0	0	0	0	0
chr12	110341019	110341741	+	NM_001143852	INTRON	28	30	23	29	56	24	49	88	26	17	58	31	59	48	45	34	29	27	77	50
chr15	40412076	40688998	-	NM_001211	INTRON	0	0	0	1	0	0	0	0	0	0	0	0	0	0	0	0	0	0	0	0
chr13	46730705	46733733	-	NM_002298	INTRON	2	2	0	0	0	0	0	4	0	0	0	1	3	0	2	0	0	0	2	0
chr11	77319630	77320835	-	NM_173039	INTRON	0	0	0	0	0	0	0	0	1	0	0	0	0	0	0	0	0	0	2	0
chr20	40179999	40181607	-	NM_032221	INTRON	0	0	0	0	0	0	0	1	0	0	0	0	0	0	0	0	0	0	0	0
chr1	28162898	28165209	+	NM_002713	INTRON	0	1	0	0	0	0	0	3	0	2	0	0	0	0	0	0	0	0	0	0
chr17	1380830	1666061	-	NM_001080779	INTRON	0	0	0	0	0	0	0	0	0	0	1	0	0	0	0	0	0	0	0	0
chr4	128751826	128754369	+	NM_001317381	INTRON	0	0	0	0	0	2	0	0	0	0	0	0	0	0	0	0	0	0	0	0
chrX	62898452	62917127	-	NM_001173479	INTRON	0	0	0	0	0	0	0	0	0	0	0	0	0	0	0	0	0	0	2	0
chr11	122932818	123109431	-	NM_006597	INTRON	0	0	0	0	0	0	0	0	0	0	1	0	0	0	0	0	0	0	0	0
chr17	1554722	1561997	-	NM_006445	INTRON	0	0	0	0	0	0	0	0	0	0	0	0	0	1	0	0	0	0	0	0
chr16	3352009	3353758	-	NM_033208	INTRON	1	0	0	2	2	0	0	0	3	3	0	2	3	2	1	3	0	5	0	0
chr6	101053565	101054615	-	NM_006828	INTRON	0	0	0	0	0	0	0	0	0	0	0	0	0	0	0	0	0	0	0	1
chr12	113400539	113445580	+	NM_006187	INTRON	0	0	0	0	0	0	0	0	0	0	1	0	0	0	0	0	0	0	0	0
chr16	2093727	2093828	-	NM_001318193	INTRON	0	0	0	0	2	0	0	0	0	0	0	0	0	0	0	0	0	0	0	0
chr4	169206086	169206543	-	NM_017631	INTRON	24	29	7	44	59	0	24	72	29	13	42	22	54	26	52	16	6	11	65	21
chrX	135303122	135304551	-	NM_001173516	INTRON	102	74	103	103	95	127	71	160	130	93	96	92	85	127	95	109	80	68	135	88
chr3	23853001	23942337	+	NM_001202476	INTRON	0	0	0	0	0	0	0	2	1	0	0	2	0	0	0	0	0	0	0	0
chr16	20920100	20922504	+	NM_001302835	INTRON	0	0	0	0	0	0	0	0	0	0	0	0	0	0	0	2	0	0	0	0
chr7	128282335	128288841	+	NR_024368	INTRON	0	0	0	0	0	0	0	0	0	0	0	2	0	0	2	0	0	0	0	0
chr12	88512918	88513890	-	NM_025114	INTRON	0	0	0	0	0	0	2	0	0	0	0	0	0	0	0	0	0	0	2	0
chr17	26521734	26523173	+	NM_016231	INTRON	0	0	0	0	0	0	0	0	0	0	0	0	0	0	0	2	0	0	0	0
chr15	76576115	76577193	-	NM_000126	INTRON	0	0	0	0	0	0	0	0	0	0	0	0	0	1	0	0	0	0	0	0
chr1	43162883	43166493	+	NM_004559	INTRON	0	0	0	0	0	0	1	0	0	0	0	0	1	0	0	0	0	0	0	0
chr18	72186294	72186315	+	NM_001168499	INTRON	0	0	1	0	0	0	0	0	0	0	0	0	0	0	0	0	0	0	0	0
chr19	39328119	39328234	-	NM_001005335	INTRON	2	0	0	0	1	0	0	0	1	0	0	1	0	0	0	1	1	3	0	0
chr14	20852391	20852758	-	NM_001319035	INTRON	0	0	0	0	0	0	0	2	0	0	0	0	0	0	0	0	0	0	2	0
chr5	65372236	65372702	-	NM_001006600	INTRON	0	2	0	0	0	0	2	0	0	2	0	0	0	0	0	2	0	0	0	0
chr21	47649180	47656137	+	NR_110567	INTRON	1	1	0	6	8	0	0	6	2	2	6	0	2	1	2	0	3	1	0	0
chr8	135490964	135521861	+	NM_001029939	INTRON	0	0	0	2	0	10	0	0	4	0	0	0	0	0	0	0	0	1	4	0
chr1	153955704	153955758	-	NM_001272038	INTRON	0	0	0	0	2	0	0	0	0	0	0	0	0	0	0	0	0	0	0	0
chr19	50105175	50117801	+	NM_020719	INTRON	0	0	1	0	0	0	0	0	0	0	0	0	0	0	0	0	0	0	0	0
chr2	176835145	176835491	-	NM_001305008	INTRON	0	0	0	0	0	0	0	2	2	0	0	2	2	1	1	0	1	0	0	0
chr19	10747139	10748969	+	NM_001145056	INTRON	0	0	0	0	0	1	0	0	0	0	0	0	0	0	0	0	0	0	0	0
chr19	10385704	10394130	+	NM_000201	INTRON	0	0	0	0	0	0	0	0	0	0	0	0	0	0	0	0	0	0	2	0
chr20	57610181	57611525	+	NM_001256403	INTRON	0	0	0	0	0	0	0	0	0	0	0	0	0	2	2	0	0	0	0	0
chr16	4641785	4642305	+	NM_001145011	INTRON	0	0	0	0	0	2	0	0	2	4	0	2	0	0	3	0	0	0	0	0
chr8	56663716	56663979	-	NM_001286657	INTRON	2	0	0	0	0	0	0	1	0	0	0	0	0	2	1	2	0	0	0	0
chr1	202129248	202133042	+	NM_002832	INTRON	0	0	1	0	0	0	4	6	0	3	1	2	0	6	1	2	4	0	0	4
chr10	76907007	76910271	+	NM_001174156	INTRON	0	0	0	0	0	0	0	1	0	0	0	0	0	0	0	0	0	0	0	0
chr2	58312085	58313464	+	NM_001130480	INTRON	0	0	0	0	0	0	1	1	0	0	1	0	0	0	0	0	0	0	0	0
chr3	97664045	97664103	-	NM_001042533	INTRON	0	0	0	0	0	2	0	0	0	0	0	0	0	0	0	0	0	0	0	0
chr9	72965387	72972462	+	NM_015110	INTRON	0	0	0	1	2	0	0	1	0	0	0	0	0	1	0	2	0	0	0	0
chr11	33757939	33783299	-	NM_000611	INTRON	0	0	0	1	7	1	0	1	2	1	0	0	2	2	8	8	3	5	2	1
chr9	135519947	135521281	-	NM_001322340	INTRON	0	0	0	0	0	0	0	0	0	0	0	0	0	4	0	0	0	0	0	0
chr15	90129173	90135277	+	NM_001308025	INTRON	14	27	14	16	20	7	15	72	19	22	7	10	19	14	24	35	4	9	45	14
chr5	79057780	79058411	+	NM_153610	INTRON	0	0	0	0	0	0	0	0	0	0	0	0	0	0	0	0	1	0	0	0
chr1	17268	17315	-	NR_024540	INTRON	0	0	0	0	0	0	0	0	0	0	2	0	0	0	0	0	0	0	0	0
chr14	58718960	58724462	-	NM_002788	INTRON	0	0	0	0	0	0	0	0	0	2	2	0	0	0	2	0	1	0	0	0
chr18	47017953	47018130	-	NM_001035006	INTRON	11	33	10	13	18	10	29	23	10	12	33	24	39	32	18	34	36	9	12	18
chr12	6635781	6636056	+	NM_014865	INTRON	339	432	314	483	455	119	488	819	455	469	303	320	328	401	474	651	291	326	432	321
chr12	6943213	6943988	+	NM_014262	INTRON	0	0	0	0	2	0	0	0	0	0	0	0	0	0	0	0	0	0	0	0
chr14	106815046	107111731	-	NR_027457	INTRON	0	0	0	0	0	0	0	0	0	0	0	0	1	0	0	0	0	0	0	0
chr3	63825449	63846624	-	NR_026866	INTRON	0	0	0	0	0	0	0	0	0	0	0	2	0	0	0	0	0	0	0	0
chr2	207026099	207026185	+	NM_001037663	INTRON	0	0	0	0	0	1	0	0	0	0	0	0	0	0	0	0	0	0	0	0
chr19	50864397	50868795	-	NM_004851	INTRON	0	0	0	0	0	0	0	0	0	0	0	0	1	0	0	0	0	0	0	0
chr11	57414267	57414371	-	NM_145008	INTRON	0	0	0	0	0	0	0	1	0	0	0	0	0	0	0	0	0	0	0	0
chr20	32686439	32691273	-	NM_001316363	INTRON	0	0	0	0	0	0	0	0	0	0	0	0	0	0	0	2	0	0	0	0
chr19	7895267	7911385	+	NM_145245	INTRON	0	0	0	2	2	0	0	3	0	0	0	0	2	0	0	3	0	1	2	2
chr12	10022326	10022566	-	NM_005127	INTRON	0	0	0	0	0	0	0	1	0	1	0	0	0	0	0	0	0	0	0	0
chr17	38324670	38325524	+	NM_007359	INTRON	2	0	0	0	0	0	0	0	0	0	0	1	0	0	6	1	0	0	0	0
chr7	137294355	137304584	-	NM_001321708	INTRON	0	0	0	0	0	0	0	4	0	0	0	0	0	0	0	0	0	0	0	0
chr5	177030365	177031066	+	NM_007255	INTRON	0	1	0	0	0	0	0	0	0	1	4	0	2	0	0	0	0	1	0	0
chr5	81572264	81572311	-	NM_001025	INTRON	0	0	0	2	1	0	0	0	0	0	0	0	0	0	0	0	0	0	0	0
chr7	97869666	97870162	-	NM_015395	INTRON	1	0	2	0	2	9	0	0	0	0	0	6	1	0	0	2	0	0	2	2
chr7	120039922	120372956	+	NM_012281	INTRON	0	0	0	0	0	0	0	0	0	0	0	0	0	0	1	0	0	0	0	0
chr10	5815842	5827958	-	NM_001115156	INTRON	0	0	0	0	0	0	0	0	0	0	0	0	0	0	1	0	0	0	0	0
chr19	14184689	14185136	+	NM_001291291	INTRON	0	0	0	0	0	0	0	0	0	0	0	0	0	2	0	0	0	0	0	0
chr4	187072890	187073056	+	NM_001006655	INTRON	0	0	0	2	0	0	0	0	0	0	0	0	0	0	0	0	0	0	0	0
chr13	101167821	101179520	+	NM_000282	INTRON	0	0	0	0	0	0	0	2	0	0	0	0	0	0	0	0	0	0	0	0
chr7	151057333	151059202	+	NM_001243351	INTRON	0	0	0	0	1	0	0	0	0	0	0	0	0	0	0	0	0	0	0	0
chr7	137593182	137597736	-	NM_001253775	INTRON	65	76	26	40	37	17	31	111	14	42	92	35	89	38	128	21	30	32	47	22
chr1	68152792	68153343	+	NM_001199741	INTRON	2	2	0	0	0	0	0	2	0	1	0	0	0	0	0	1	0	0	1	0
chr20	5155925	5157293	-	NM_003818	INTRON	0	0	0	0	0	0	0	2	0	0	0	0	0	0	0	0	0	0	0	0
chr11	6494478	6495020	-	NM_006458	INTRON	6	0	0	0	0	0	0	2	0	0	0	0	0	0	4	0	0	0	0	2
chr4	113352882	113356303	+	NM_001102406	INTRON	0	0	0	0	0	0	0	0	0	0	0	0	0	0	0	4	0	0	2	0
chr10	75578025	75579289	-	NM_001320898	INTRON	0	0	0	0	0	0	0	0	2	0	0	0	0	0	0	0	0	0	0	0
chr2	171690503	171746850	-	NM_000817	INTRON	0	0	0	2	0	0	0	0	0	0	0	0	0	0	0	0	0	0	0	0
chr11	64532990	64533422	-	NM_001178031	INTRON	8	20	5	5	5	0	2	8	1	1	18	11	24	7	14	19	7	8	19	8
chr9	137020889	137023014	+	NM_017588	INTRON	0	0	0	0	0	0	1	0	0	0	0	4	0	0	1	0	0	0	0	0
chr1	228585461	228588664	-	NM_145214	INTRON	0	0	0	0	0	0	0	0	0	0	0	0	0	0	0	0	0	0	1	0
chr8	42146246	42146774	+	NM_001190720	INTRON	0	0	0	0	0	0	0	0	2	0	0	0	0	0	2	0	0	2	0	0
chrX	105178436	105179161	+	NM_198465	INTRON	0	0	0	0	0	0	0	0	0	2	0	0	0	0	0	0	0	0	0	0
chr3	33731424	33759299	-	NM_015097	INTRON	0	0	1	0	0	0	0	1	0	0	0	0	0	0	0	0	0	1	0	0
chrUn_gl000219	54293	57392	-	NR_027436	INTRON	0	0	0	0	0	0	0	0	0	0	0	0	0	0	0	0	0	1	6	0
chr22	39631879	39639905	-	NM_033016	INTRON	4	0	0	0	4	2	0	0	2	0	2	0	1	0	0	2	0	0	4	2
chr18	21104446	21107758	+	NM_001276342	INTRON	0	0	0	0	0	0	0	0	0	0	0	0	0	0	0	0	0	0	2	0
chr11	75111854	75113402	+	NM_001005	INTRON	0	0	0	0	0	1	0	0	0	0	0	0	0	0	0	0	0	0	0	0
chr6	41039015	41041636	-	NR_138080	INTRON	0	0	0	0	0	0	0	0	0	0	0	0	0	0	0	1	0	0	0	0
chr1	93657663	93659172	+	NM_001306076	INTRON	36	40	47	76	53	23	60	62	45	38	58	31	35	83	51	60	39	51	79	47
chr10	70856851	71088332	+	NM_001321053	INTRON	0	0	0	0	0	0	0	1	0	0	0	0	0	0	0	0	0	0	0	0
chrX	153345579	153400880	-	NM_001316337	INTRON	0	0	0	0	0	2	0	0	0	0	0	0	0	0	0	0	0	0	0	0
chr2	228353484	228356262	+	NM_001135187	INTRON	0	0	0	0	0	4	0	0	0	0	0	0	0	0	0	0	0	0	0	0
chr5	37187674	37187834	-	NM_023073	INTRON	10	16	12	11	6	16	5	22	7	12	10	10	11	11	8	2	1	11	14	14
chr17	74722369	74729059	+	NM_001081461	INTRON	6	1	2	7	0	0	2	6	1	1	5	5	3	2	3	4	2	5	5	6
chr12	6647325	6647461	+	NM_001256799	INTRON	0	0	0	0	0	0	0	0	0	0	0	0	2	0	0	0	0	0	0	0
chr2	231109711	231615968	+	NM_001278453	INTRON	0	1	0	0	0	0	0	0	0	0	0	0	0	0	0	0	0	0	0	0
chr5	68492936	68725426	+	NM_022909	INTRON	0	0	0	0	0	0	0	0	0	0	0	0	0	0	1	0	0	0	0	0
chr11	32608690	32610193	+	NM_006360	INTRON	0	0	0	0	0	0	0	0	0	0	1	1	1	0	1	4	0	1	0	0
chr1	212869254	212870302	-	NM_018664	INTRON	0	0	0	0	2	0	0	3	0	2	1	4	6	2	2	5	0	1	1	1
chr11	77340856	77340883	-	NM_001293	INTRON	0	0	0	0	0	2	0	0	0	0	0	0	0	0	0	0	0	0	0	0
chr9	108118662	108120624	+	NM_001286730	INTRON	73	46	11	51	65	26	70	159	40	40	11	52	52	63	157	44	98	182	34	42
chr6	34839702	34840089	+	NM_017754	INTRON	21	44	21	13	35	15	16	88	30	35	34	20	25	47	56	43	21	23	48	31
chr8	143382005	143393865	-	NM_001291931	INTRON	0	0	0	0	0	1	0	0	0	0	0	0	0	0	0	0	0	1	0	0
chr9	130210262	130210632	-	NM_000976	INTRON	0	0	0	0	0	0	0	0	0	0	0	0	0	0	0	0	2	0	0	0
chr4	122775975	122782658	-	NM_018190	INTRON	0	0	0	0	0	0	0	0	0	0	0	0	0	0	0	0	0	0	2	0
chrX	153627880	153628171	+	NM_001256577	INTRON	0	0	0	0	0	0	0	0	0	0	0	0	0	0	0	0	1	0	0	0
chr12	50785241	51155906	-	NM_001145475	INTRON	0	0	0	0	0	0	0	2	0	0	0	0	0	0	0	0	0	0	0	0
chr22	19504416	19506366	+	NM_001178010	INTRON	278	171	172	195	133	431	206	546	219	191	128	184	112	286	212	210	347	273	337	257
chr1	51929470	51930932	-	NM_001981	INTRON	197	154	84	162	244	53	197	405	127	121	249	142	193	163	244	215	144	108	145	120
chr17	76134813	76137497	+	NM_152468	INTRON	0	0	0	0	0	0	2	0	0	0	0	0	1	0	0	0	0	0	0	0
chr19	11835069	11836015	-	NM_001080493	INTRON	13	8	9	20	10	15	22	40	7	15	10	19	9	10	17	15	26	25	20	16
chr16	28916365	28917024	-	NM_024816	INTRON	0	0	0	0	0	0	0	0	0	0	2	0	2	0	0	0	0	0	0	0
chr15	57549051	57554289	+	NM_001306219	INTRON	0	0	0	0	0	0	0	0	0	1	0	0	0	0	0	0	0	0	0	0
chr1	174247917	174274123	-	NM_014857	INTRON	0	0	0	0	0	4	0	2	0	0	0	0	0	0	0	0	0	0	0	0
chr9	33973235	33982217	-	NM_018449	INTRON	0	2	0	0	4	0	0	0	2	0	0	0	0	0	0	0	0	0	0	0
chr14	19921470	19921590	-	NR_122112	INTRON	1	0	0	0	0	0	0	0	0	0	8	0	0	0	0	0	0	0	0	0
chr21	15889093	15889212	-	NM_001256370	INTRON	5	9	15	2	10	0	3	2	10	6	5	5	5	10	6	0	2	0	4	2
chr1	113378075	113507698	+	NR_103746	INTRON	0	0	0	0	0	0	0	0	1	0	0	0	0	0	0	0	0	0	0	0
chr16	3293694	3293859	-	NM_000243	INTRON	0	0	0	0	0	0	1	0	0	2	0	0	0	0	0	5	0	0	0	0
chr18	60046868	60051983	+	NM_001270949	INTRON	0	0	0	0	0	1	0	0	0	0	0	0	0	0	0	0	0	0	0	0
chr1	104080106	104083411	+	NM_017619	INTRON	0	0	0	1	0	0	0	4	0	0	1	0	3	1	0	1	0	0	1	0
chr19	42365244	42373205	+	NM_001022	INTRON	0	0	0	0	0	0	0	0	0	0	0	0	0	0	0	0	0	0	0	2
