chr	start	end	strand	NM	intron	001_CZMEL1_010080483_RNA_NXrun2_R.txt	001_CZMEL1_030060289_RNA_NXrun2_R.txt	001_CZMEL1_050020176_RNA_NXrun2_R.txt	001_CZMEL1_060090425_RNA_NXrun2_R.txt	001_CZMEL1_060090915_RNA_NXrun2_R.txt	001_CZMEL1_07III0075_RNA_NXrun2_R.txt	001_CZMEL1_07III0082_RNA_NXrun2_R.txt	001_CZMEL1_07III0085_RNA_NXrun2_R.txt	001_CZMEL1_07III0097_RNA_NXrun2_R.txt	001_CZMEL1_07III0134_RNA_NXrun2_R.txt	001_CZMEL1_08III0021_RNA_NXrun2_R.txt	001_CZMEL1_08III0059_RNA_NXrun2_R.txt	001_CZMEL1_08III0064_RNA_NXrun2_R.txt	001_CZMEL1_08III0065_RNA_NXrun2_R.txt	001_CZMEL1_08III0066_RNA_NXrun2_R.txt	001_CZMEL1_990033193_RNA_NXrun2_R.txt	001_CZMEL1_990050355_RNA_NXrun2_R.txt	001_CZMEL1_990061923_RNA_NXrun2_R.txt	001_CZMEL1_T010080483_RNA_NXrun2_R.txt	001_CZMEL1_T030060289_RNA_NXrun2_R.txt	001_CZMEL1_T050020176_RNA_NXrun2_R.txt	001_CZMEL1_T060090425_RNA_NXrun2_R.txt	001_CZMEL1_T060090915_RNA_NXrun2_R.txt	001_CZMEL1_T07III0075_RNA_NXrun2_R.txt	001_CZMEL1_T07III0082_RNA_NXrun2_R.txt	001_CZMEL1_T07III0085_RNA_NXrun2_R.txt	001_CZMEL1_T07III0097_RNA_NXrun2_R.txt	001_CZMEL1_T07III0134_RNA_NXrun2_R.txt	001_CZMEL1_T08III0021_RNA_NXrun2_R.txt	001_CZMEL1_T08III0059_RNA_NXrun2_R.txt	001_CZMEL1_T08III0064_RNA_NXrun2_R.txt	001_CZMEL1_T08III0065_RNA_NXrun2_R.txt	001_CZMEL1_T08III0066_RNA_NXrun2_R.txt	001_CZMEL1_T990033193_RNA_NXrun2_R.txt	001_CZMEL1_T990050355_RNA_NXrun2_R.txt	001_CZMEL1_T990061923_RNA_NXrun2_R.txt
chr12	57909119	57909702	+	NM_004990	INTRON	0	0	0	0	1	0	0	0	0	0	0	0	0	0	0	1	0	0	0	1	0	0	3	0	1	1	2	0	0	0	1	0	0	0	0	1
chr12	22697113	22697253	-	NM_001286174	INTRON	0	0	0	0	0	0	0	0	0	1	0	0	0	0	0	0	0	0	0	0	0	0	0	0	0	0	0	2	0	0	0	0	0	0	0	0
chr13	32937670	32949479	+	NM_000059	INTRON	0	0	0	0	0	0	0	0	0	0	0	0	0	0	0	1	0	0	0	0	0	0	0	0	0	0	0	0	0	0	0	0	0	0	0	0
chr4	154519850	154523303	-	NM_001131007	INTRON	0	0	0	0	0	0	0	0	0	0	0	0	0	0	0	0	0	0	0	0	0	0	0	0	2	0	0	0	0	0	0	0	0	0	0	0
chr2	84660559	84668170	-	NM_003849	INTRON	0	0	0	0	0	0	0	0	2	0	4	0	0	0	0	0	0	0	0	0	0	0	0	0	0	0	0	0	2	0	0	0	0	1	0	0
chr22	42003865	42016755	-	NM_015704	INTRON	1	0	0	0	0	0	0	0	0	0	0	0	0	0	0	0	0	0	0	0	0	4	0	0	1	0	1	0	0	0	0	0	0	2	0	0
chrX	153298008	153363060	-	NM_001316337	INTRON	0	0	0	0	0	0	0	0	0	0	0	0	0	0	0	0	0	0	0	0	0	0	1	0	0	0	0	2	0	0	1	0	0	1	0	0
chr10	98592156	98667021	+	NR_135921	INTRON	0	0	0	0	0	0	0	0	0	0	0	0	0	0	0	0	0	0	0	0	0	1	0	0	0	0	0	0	0	0	0	0	0	0	0	0
chr3	119344083	119347547	+	NR_120610	INTRON	0	0	0	2	0	0	0	0	0	0	0	0	0	0	0	0	0	0	0	0	0	0	0	0	0	0	0	0	1	0	1	0	0	0	0	0
chrUn_gl000220	111956	117881	+	NR_046235	INTRON	0	0	0	0	0	0	0	0	0	0	0	0	0	0	0	0	0	0	0	0	0	0	0	0	0	0	0	0	0	0	1	0	0	0	0	0
chr7	148523571	148525909	-	NM_004456	INTRON	0	0	0	0	0	0	0	0	0	0	0	0	0	0	0	0	0	0	0	0	0	0	0	0	0	0	0	0	0	1	0	0	0	0	0	0
chr4	128815036	128816107	+	NM_001190799	INTRON	0	0	0	0	0	0	0	0	0	0	0	0	0	0	0	0	0	0	0	0	0	0	0	0	0	0	0	0	0	1	0	0	0	0	0	0
chr7	44715748	44721318	+	NM_001003941	INTRON	0	0	0	1	0	0	0	1	0	0	1	0	0	0	0	1	1	0	0	0	0	2	3	0	0	0	0	0	1	0	0	0	0	5	2	0
chr11	292095	292545	+	NM_025092	INTRON	0	0	0	2	0	0	1	0	0	0	0	0	0	0	0	2	0	0	1	0	0	0	0	0	0	0	0	0	0	0	1	0	0	0	0	0
chr9	33255925	33256798	-	NM_001172415	INTRON	1	0	0	0	0	0	0	0	0	0	0	0	0	0	0	0	0	1	0	1	1	0	0	0	0	0	0	1	0	0	0	0	0	0	0	0
chr3	66447359	66448535	-	NM_015541	INTRON	0	0	0	0	0	0	0	0	0	0	0	0	0	0	0	0	0	0	0	0	1	0	0	0	0	0	1	1	0	1	3	0	0	0	0	1
chr7	95825416	95838149	-	NM_001160210	INTRON	0	0	0	0	0	0	0	0	0	0	0	0	0	0	0	0	0	0	0	0	0	1	0	0	0	0	0	0	0	0	0	0	0	0	0	0
chr20	34054897	34055128	+	NM_001318219	INTRON	1	0	0	0	0	0	0	0	0	0	0	0	0	0	0	0	0	0	0	0	0	0	0	0	0	0	0	0	0	0	0	0	0	0	0	0
chr11	108196271	108196784	-	NM_000051	INTRON	2	0	0	0	3	2	0	0	1	0	4	0	5	8	0	2	0	0	0	1	0	2	0	0	0	4	0	1	2	0	0	1	1	0	4	0
chr5	34922693	34922799	+	NM_018321	INTRON	0	0	0	0	0	0	0	0	0	0	0	0	0	0	0	0	0	0	0	1	0	1	0	0	1	0	0	0	0	1	1	0	0	0	0	0
chr10	85904772	85908485	+	NM_014394	INTRON	0	0	0	2	0	0	0	0	0	0	0	0	0	0	0	0	0	0	1	0	0	2	1	0	0	0	0	0	0	0	0	0	0	2	0	0
chr1	19243536	19244855	-	NM_001136265	INTRON	0	1	0	0	0	0	0	0	0	0	0	0	0	0	0	0	0	0	0	0	0	0	0	0	0	0	0	0	0	0	0	0	0	0	0	0
chr22	20128535	20128739	+	NM_001185024	INTRON	0	0	0	0	0	0	0	0	0	0	0	0	0	0	0	0	1	1	0	0	1	0	0	0	0	0	0	0	0	0	0	0	0	0	0	0
chr1	115252293	115258750	-	NM_002524	INTRON	0	0	0	0	0	0	0	0	0	0	0	0	0	0	0	0	0	0	0	0	0	0	0	0	0	0	0	1	0	0	0	0	0	0	0	0
chr17	5114250	5118219	-	NM_001319190	INTRON	0	0	0	5	0	0	0	0	0	0	0	2	0	0	0	0	0	1	2	0	2	1	2	0	0	4	0	1	0	2	1	0	0	1	2	1
chr12	69202866	69202958	+	NM_001145337	INTRON	4	0	0	0	0	0	0	0	0	0	0	0	1	0	0	0	0	0	0	0	0	1	1	0	0	0	0	0	0	0	0	0	0	0	1	0
chr2	190656667	190660497	+	NM_000534	INTRON	0	0	0	0	0	0	0	0	0	0	0	0	0	0	0	0	0	0	0	0	0	0	0	0	0	0	0	0	0	0	0	2	0	0	0	0
chr22	29115430	29120967	-	NM_001005735	INTRON	0	0	0	0	0	0	0	0	1	0	0	0	0	0	0	0	0	0	0	0	0	0	0	0	0	0	0	0	0	0	0	0	0	0	0	0
chrUn_gl000220	118310	158219	+	NR_046235	INTRON	0	1	0	0	0	0	0	0	0	0	0	0	0	0	0	0	0	0	0	0	0	0	0	0	0	0	0	0	0	0	0	0	0	0	0	0
chr8	145140041	145140191	+	NM_003801	INTRON	0	0	0	0	0	0	1	0	0	0	0	0	1	0	0	0	0	0	0	0	0	0	0	1	0	0	0	0	0	0	1	0	0	0	1	0
chr8	145008613	145008802	-	NM_000445	INTRON	0	0	0	2	0	0	1	1	1	0	0	1	0	0	0	0	0	0	0	1	0	0	0	0	0	2	0	0	1	0	0	1	3	0	1	0
chrUn_gl000220	113677	157620	+	NR_046235	INTRON	0	0	0	0	0	0	0	0	0	0	0	0	0	0	0	0	0	1	0	0	0	0	0	0	0	0	0	0	0	0	0	0	0	0	0	0
chr11	118963521	118963644	+	NM_000190	INTRON	0	0	0	0	0	0	0	0	0	0	0	2	0	1	0	0	0	0	0	0	0	0	0	0	0	0	0	0	0	0	0	0	0	0	0	0
chrUn_gl000220	110267	118083	+	NR_046235	INTRON	0	0	1	0	0	0	0	0	0	0	0	0	0	0	0	0	0	0	0	0	0	0	0	0	0	0	0	0	0	0	0	0	0	0	0	0
chr16	50741888	50759441	+	NM_001293557	INTRON	0	0	0	0	0	0	0	0	0	0	0	0	0	0	0	0	0	0	0	0	0	0	0	0	0	0	0	0	0	0	0	0	0	1	0	0
chr22	42274127	42274662	+	NM_004599	INTRON	0	0	0	0	0	0	0	0	0	0	0	0	0	0	0	1	0	0	0	1	0	0	0	0	0	0	0	1	0	0	0	0	0	2	1	1
chrUn_gl000220	115080	153090	+	NR_046235	INTRON	0	0	0	0	0	0	0	1	0	0	0	0	0	0	0	0	0	0	0	0	0	0	0	0	0	0	0	0	0	0	0	0	0	0	0	0
chr6_mcf_hap5	3962201	3962812	-	NR_133907	INTRON	0	0	0	0	0	0	1	1	2	0	0	0	0	0	0	0	0	0	0	0	0	0	0	0	0	0	0	0	0	0	0	0	0	0	0	0
chr11	74340368	74345627	+	NM_006591	INTRON	1	0	0	0	0	0	0	0	0	0	0	0	0	0	0	1	0	0	1	0	0	1	0	0	0	0	0	0	0	0	1	0	0	0	0	1
chr19	11095049	11095948	+	NM_001128844	INTRON	0	0	0	0	0	0	0	0	0	0	0	1	0	0	0	0	0	0	0	0	2	0	0	0	0	0	0	0	0	0	0	0	0	0	0	1
chr16	74943815	74946095	-	NM_001324172	INTRON	0	0	0	0	0	0	0	0	0	0	0	0	0	0	0	1	0	0	0	0	0	0	0	0	0	0	0	0	0	1	0	0	0	0	0	0
chr21	36259393	36421138	-	NM_001001890	INTRON	2	2	3	2	3	6	17	40	24	22	1	12	4	20	9	7	1	3	8	19	0	6	8	6	45	59	20	47	6	17	16	35	31	6	0	8
chr3	130425979	130442257	-	NM_014602	INTRON	0	0	0	0	0	0	0	0	2	0	0	0	0	0	0	0	0	0	0	0	0	0	0	0	0	0	0	0	0	0	0	0	0	0	0	0
chr8	25297180	25298092	-	NM_017634	INTRON	0	0	1	0	0	0	0	0	0	0	0	0	0	0	0	0	0	0	0	0	0	0	0	0	0	0	0	0	0	0	1	0	1	1	0	1
chr10	105647005	105648829	-	NM_024928	INTRON	0	0	0	2	0	0	0	0	0	0	0	0	0	0	0	0	0	0	0	2	0	0	0	0	0	0	0	0	0	0	0	0	1	0	0	0
chr1	28541507	28555432	-	NM_014280	INTRON	0	0	0	1	1	0	0	0	0	0	0	0	0	1	0	0	0	0	1	0	0	0	0	0	0	0	0	0	0	0	0	0	0	0	0	0
chr2	128703133	128707442	-	NM_001145928	INTRON	0	0	0	0	0	0	0	0	0	0	0	0	0	0	0	0	0	0	0	0	0	0	0	0	0	0	0	0	0	0	0	1	0	0	0	0
chr21	38866520	38868419	+	NM_001347721	INTRON	0	0	0	0	0	0	0	0	0	0	0	0	0	0	0	0	0	0	0	0	0	0	0	0	0	0	1	0	0	0	0	0	0	0	0	0
chr5	71616336	71617998	+	NM_001284403	INTRON	0	0	0	0	0	0	0	0	0	0	0	0	0	0	0	0	0	0	1	0	0	0	2	0	0	0	0	0	0	0	0	0	0	0	1	0
chr11	134090620	134093756	-	NM_015261	INTRON	0	0	0	0	1	0	0	0	0	0	0	0	0	0	0	2	0	0	0	0	0	0	0	0	0	2	0	0	0	0	1	0	0	0	0	0
chrX	48325464	48326096	-	NM_033518	INTRON	0	0	0	0	0	0	0	0	1	0	0	0	1	0	0	0	0	0	0	0	0	0	0	0	0	0	0	0	0	0	0	0	0	0	0	0
chr7	1519320	1519952	-	NM_001080453	INTRON	0	0	1	0	0	0	0	0	0	0	0	0	0	0	0	0	0	0	0	0	0	0	0	0	0	0	0	0	0	0	0	0	0	0	0	0
chr13	49039174	49055543	+	NM_000321	INTRON	0	0	0	0	2	0	0	0	0	0	0	0	0	0	0	0	0	0	0	0	0	0	0	0	0	0	0	0	0	0	0	0	0	0	0	0
chr1	22846768	22847988	+	NM_001083621	INTRON	0	0	0	0	0	0	0	0	0	0	0	0	0	0	0	0	0	0	0	0	0	0	1	0	0	0	0	0	0	0	0	0	0	0	0	0
chr8	117863006	117864186	-	NM_006265	INTRON	0	0	0	0	1	1	0	0	1	0	0	1	2	0	0	0	2	0	0	0	0	1	0	1	0	3	0	2	0	0	0	1	0	2	0	0
chr17	41369331	41369699	+	NM_001291586	INTRON	0	0	2	0	0	0	0	0	0	0	0	0	0	0	0	0	0	0	0	0	0	0	0	0	0	0	0	0	0	0	0	0	0	0	0	0
chr16	23544086	23546208	-	NM_001083614	INTRON	0	0	0	0	0	1	0	0	0	0	0	0	0	0	0	0	0	1	0	0	0	0	1	0	1	0	0	0	0	0	0	0	1	0	0	0
chr7	148506247	148512035	-	NM_001203247	INTRON	0	0	0	0	0	0	0	0	0	0	0	0	0	0	0	0	0	0	1	0	0	0	0	0	0	0	0	0	0	0	0	0	0	0	0	0
chr7	6031442	6031603	-	NM_000535	INTRON	0	0	2	0	0	2	0	0	0	0	0	0	0	0	0	0	1	1	0	0	0	0	0	0	0	0	0	0	0	0	0	1	0	0	0	0
chr20	2778704	2778797	-	NM_001184699	INTRON	0	0	0	0	0	0	0	0	1	0	0	0	0	0	0	0	0	1	0	0	0	1	0	0	0	0	0	0	0	0	0	0	0	0	0	0
chr4	103498073	103516090	+	NM_001165412	INTRON	0	0	0	0	0	0	0	0	0	0	0	0	0	0	0	0	0	0	0	0	1	0	0	0	0	0	0	0	0	0	0	0	0	0	0	0
chr13	29001078	29001295	-	NM_001159920	INTRON	0	0	0	1	0	0	0	0	0	0	2	0	0	0	0	4	0	0	0	0	0	1	0	1	0	0	0	0	1	0	0	0	0	0	0	0
chr2	102792105	102792812	+	NM_000877	INTRON	0	0	0	0	0	0	0	0	0	0	0	0	0	0	0	0	0	0	0	0	1	0	0	0	0	0	0	0	0	0	0	1	0	0	0	0
chr9	139887863	139888031	+	NM_001329678	INTRON	0	0	0	0	0	0	0	0	0	0	0	0	0	0	0	0	0	1	0	0	0	0	0	0	0	0	0	0	0	0	0	0	0	0	0	0
chrX	53228340	53230731	-	NM_001146702	INTRON	0	0	0	1	0	0	0	0	1	0	0	0	0	0	0	0	0	0	0	0	0	0	1	0	0	0	0	0	1	0	0	0	0	0	0	0
chr9	304704	311953	+	NM_001190458	INTRON	0	0	0	1	0	0	0	0	0	0	2	0	0	0	0	1	0	0	0	0	0	0	0	0	0	0	1	0	0	0	0	0	0	0	0	0
chr19	15281636	15284878	-	NM_000435	INTRON	0	0	0	2	0	0	0	0	0	0	0	0	0	0	0	0	2	0	0	0	4	1	1	1	0	0	1	0	0	0	0	0	0	0	0	2
chr4	83292737	83294598	-	NM_002138	INTRON	0	1	0	1	1	0	0	1	0	0	0	0	0	0	0	0	0	2	0	2	0	1	0	2	3	0	2	0	1	1	0	2	0	1	1	2
chr16	56508862	56509418	+	NM_001324357	INTRON	0	2	0	0	0	0	0	0	0	0	0	0	0	0	0	0	0	0	0	0	0	0	0	0	0	0	0	1	0	0	0	0	0	0	0	0
chr9	98220566	98221881	-	NM_000264	INTRON	0	0	0	0	0	0	0	0	0	0	0	0	0	0	0	0	0	0	0	0	0	0	0	0	0	0	0	0	0	0	0	0	0	0	1	0
chr11	108236080	108352436	+	NM_000051	INTRON	0	0	0	0	0	0	0	0	0	0	0	0	0	0	0	0	0	0	0	0	0	0	0	0	0	0	0	0	0	1	0	0	0	0	0	0
chr17	48266899	48267039	-	NM_000088	INTRON	0	0	0	0	0	0	0	0	0	0	0	0	0	0	0	0	0	0	0	0	0	0	0	0	0	0	1	0	0	0	0	0	0	0	0	0
chr5	177031542	177034302	+	NM_007255	INTRON	0	0	0	0	1	0	0	0	1	0	0	0	0	0	0	0	0	0	0	0	0	0	0	0	0	0	1	0	0	0	0	0	0	0	0	0
chrUn_gl000220	110012	118065	+	NR_046235	INTRON	0	0	0	0	0	0	0	0	0	0	0	0	0	1	0	0	0	0	0	0	0	0	0	0	0	0	0	0	0	0	0	0	0	0	0	0
chr18	48591839	48593388	+	NM_005359	INTRON	3	1	0	5	2	2	0	6	2	1	2	1	4	1	0	4	6	4	15	48	25	57	21	8	77	64	37	41	43	31	45	42	29	40	50	32
chr12	7023823	7024599	+	NM_001975	INTRON	0	0	0	0	0	0	0	0	0	0	0	0	0	1	0	0	0	0	0	0	0	0	0	0	0	0	0	0	0	0	0	0	0	0	0	0
chr2	69734710	69736362	-	NM_014911	INTRON	0	0	0	0	0	0	0	0	0	0	0	0	0	0	0	0	0	0	0	1	0	0	1	0	0	0	1	1	0	0	0	0	0	0	0	0
chr11	118359475	118360494	+	NM_001197104	INTRON	3	0	0	0	0	0	0	0	0	0	0	0	0	0	0	0	0	0	0	0	0	0	0	0	0	0	0	0	0	0	2	0	2	0	0	0
chr9	36966721	37002644	-	NM_001280547	INTRON	739	871	943	1186	1114	1182	861	1131	1512	1327	933	1142	987	1548	993	902	1567	947	1361	1565	1380	1211	1807	550	2503	1798	1871	2486	2367	1659	2253	2576	2262	1544	2314	1767
chr9	111692201	111693276	-	NM_001318360	INTRON	0	0	0	0	0	0	0	0	0	0	0	0	0	0	0	0	0	0	0	0	0	0	0	0	1	1	0	0	0	0	0	0	0	0	0	0
chr11	108180063	108199887	+	NM_000051	INTRON	0	0	0	0	0	0	0	0	0	0	0	0	0	0	0	0	0	0	0	0	0	0	0	0	0	0	0	0	0	1	0	0	0	0	0	0
chr14	45606444	45607917	+	NM_001308133	INTRON	0	0	0	0	0	0	0	0	0	0	0	0	0	0	0	0	0	0	0	0	0	0	0	0	0	0	0	0	1	0	0	0	0	0	0	0
chrUn_gl000220	113799	157772	+	NR_046235	INTRON	0	0	2	0	0	0	0	0	0	0	0	0	0	0	1	0	1	0	0	0	0	0	0	0	0	0	0	0	0	0	0	0	0	0	0	0
chr2	26453162	26455027	-	NM_000182	INTRON	0	0	0	0	1	0	0	0	0	0	0	0	0	0	0	0	0	0	0	0	0	0	1	0	2	0	0	0	0	0	0	1	2	0	0	0
chr1	222904858	222905969	+	NM_001288579	INTRON	0	0	0	0	0	0	0	0	0	0	0	0	0	0	0	0	0	0	0	0	0	0	2	0	0	0	0	0	0	0	0	0	0	0	0	0
chr17	29563039	29568963	+	NM_000267	INTRON	0	0	0	0	0	0	0	0	0	0	0	0	0	0	0	0	0	0	0	0	0	0	0	0	0	0	0	0	1	0	0	0	0	0	0	0
chr11	108192103	108196258	+	NM_000051	INTRON	0	2	0	0	0	0	0	0	0	0	0	0	0	0	0	0	0	0	0	0	0	0	0	0	0	0	0	0	0	0	0	0	0	0	0	0
chr11	67069294	67069589	+	NM_001347901	INTRON	0	0	0	0	0	0	1	0	0	0	0	0	0	0	0	0	0	0	0	0	1	1	0	0	0	0	0	0	0	0	0	0	1	1	0	0
chr11	118916543	118917128	-	NM_001130991	INTRON	0	1	1	0	2	0	0	0	0	0	0	0	1	0	0	4	0	0	1	0	0	0	2	0	1	0	0	0	0	1	0	0	1	1	0	0
chr19	50919980	50920301	-	NM_001256849	INTRON	0	0	0	0	0	1	0	0	1	0	2	0	0	0	1	1	0	1	0	0	0	0	2	0	1	2	0	1	3	0	1	0	0	0	4	1
chrUn_gl000220	110498	118259	+	NR_046235	INTRON	0	0	0	0	0	0	0	0	0	0	0	0	0	0	0	0	0	0	0	0	0	0	0	0	0	0	0	0	0	0	0	1	0	0	0	0
chr11	47813542	47814337	-	NM_015231	INTRON	0	0	0	0	2	0	0	0	0	0	0	0	0	0	0	0	0	0	0	0	0	0	0	0	0	0	0	0	0	0	0	0	0	0	0	0
chr5	79951081	79952229	+	NM_002439	INTRON	2	0	2	1	7	3	3	5	3	3	6	1	0	5	0	3	3	2	5	3	7	5	6	4	12	4	14	13	9	4	14	4	12	11	11	6
chr8	38698228	38699804	+	NM_001122824	INTRON	0	0	0	0	0	0	0	0	1	1	0	0	0	0	0	0	0	0	0	0	0	0	0	0	0	1	0	0	1	0	0	1	0	0	1	1
chr2	163212991	163213267	+	NM_001330265	INTRON	0	0	0	0	0	0	0	0	0	0	0	0	0	0	0	0	0	0	0	0	0	0	0	0	0	0	0	0	0	0	0	1	0	0	0	0
chr8	42805598	42812236	+	NM_032410	INTRON	0	0	0	0	0	0	0	0	0	0	0	0	0	0	0	0	0	0	0	0	0	1	0	0	0	0	0	0	0	0	0	0	0	0	0	0
chr6	100006424	100009242	-	NM_001013399	INTRON	0	0	0	0	0	0	0	0	0	0	0	0	0	0	0	0	0	0	0	2	0	0	2	0	0	0	0	0	0	0	0	0	0	0	0	0
chr13	103518261	103518614	+	NM_000123	INTRON	1	0	1	0	1	1	2	0	0	0	0	1	6	2	0	0	1	1	0	0	0	3	4	0	2	1	4	2	1	0	1	1	0	0	1	0
chr17	65344770	65346344	-	NM_001316341	INTRON	0	0	0	0	0	0	0	0	0	0	0	0	0	0	0	0	0	0	0	0	0	0	0	0	0	0	0	1	0	0	0	0	0	2	0	0
chr13	48942712	48955415	+	NM_000321	INTRON	0	0	0	0	0	0	0	0	0	0	0	0	0	0	0	0	0	0	0	0	0	0	0	0	0	0	1	0	0	0	0	0	0	0	0	0
chr12	6765964	6772230	-	NM_001127582	INTRON	326	208	306	176	310	546	396	504	467	375	385	452	301	476	155	198	463	356	505	520	362	425	449	117	867	702	458	507	442	532	578	574	455	326	622	473
chr22	23655208	23656738	+	NM_004327	INTRON	0	0	0	0	0	0	0	0	0	0	0	0	0	0	0	0	0	0	0	0	0	0	0	0	0	0	0	0	0	0	0	0	0	0	0	1
chr3	39425284	39430985	+	NM_017875	INTRON	0	0	0	0	0	0	0	0	0	0	0	0	0	0	0	0	0	0	0	0	0	0	1	0	0	0	0	0	0	0	0	0	1	0	0	0
chr3	185879452	185882686	-	NM_001080744	INTRON	0	0	0	0	0	0	0	0	0	0	0	0	0	0	0	0	0	0	0	0	0	0	0	0	2	0	0	0	0	0	0	0	0	0	0	0
chr6	396319	397107	+	NM_002460	INTRON	0	0	0	0	0	8	0	0	19	10	6	5	0	0	0	0	42	18	0	0	0	0	0	3	0	0	25	34	22	13	0	0	0	0	81	21
chr22	24734445	24743053	+	NM_001254733	INTRON	0	0	0	0	0	0	1	0	0	0	2	0	0	0	0	0	0	0	0	0	0	0	0	0	2	0	0	1	0	0	0	0	0	2	0	0
chr5	86697583	86700734	-	NM_001199189	INTRON	0	0	0	0	0	0	0	0	0	0	0	0	0	0	0	0	0	0	0	0	1	0	0	0	0	0	0	0	0	0	0	0	0	0	0	0
chrX	153582851	153582983	-	NM_001110556	INTRON	0	0	0	0	1	0	0	0	0	0	0	1	0	1	0	0	0	0	0	0	0	0	0	0	0	0	0	0	0	0	0	0	1	0	0	1
chr1	241663832	241665742	-	NM_000143	INTRON	0	0	0	1	3	0	2	2	0	0	0	0	0	0	0	0	2	0	0	0	0	0	0	0	2	1	0	3	0	0	0	3	0	1	0	1
chr12	111079432	111080053	+	NM_001082537	INTRON	0	0	0	0	0	0	0	0	0	0	0	0	0	0	0	0	0	0	0	0	0	0	0	0	0	0	0	0	0	0	0	0	0	0	1	0
chr11	47254510	47256076	+	NM_000107	INTRON	0	0	0	0	0	0	0	0	0	0	0	0	0	0	0	0	0	0	0	0	0	1	0	0	0	0	0	0	0	0	0	0	0	0	1	0
chr13	49684542	49688790	+	NM_014923	INTRON	0	0	0	2	0	0	0	0	0	0	0	0	0	0	0	0	0	0	0	0	0	0	0	0	0	0	0	0	0	0	0	0	0	0	0	0
chr3	57543414	57545036	+	NM_001322176	INTRON	0	0	0	0	0	0	0	0	0	0	0	0	0	0	0	0	0	0	0	0	0	0	0	0	2	0	0	0	0	0	0	0	0	0	0	0
chr21	42771210	42771250	+	NM_002463	INTRON	0	0	0	0	0	0	0	0	0	0	0	0	0	0	0	0	0	0	0	0	0	0	0	0	0	0	0	0	1	0	0	0	0	0	0	0
chr1	114375742	114376959	-	NM_001193431	INTRON	0	0	0	0	0	0	0	0	0	0	0	0	0	0	0	0	0	0	0	0	0	0	0	0	0	0	1	0	1	0	0	0	0	1	0	0
chr15	45021750	45023560	+	NR_125376	INTRON	0	0	0	1	0	0	0	0	0	0	0	0	0	0	0	0	0	1	0	0	0	0	0	0	0	0	0	0	0	0	2	1	0	0	0	0
chr13	31724319	31725083	-	NM_001286503	INTRON	0	0	0	0	0	0	0	0	0	0	0	0	2	0	0	0	0	0	0	0	0	0	0	0	0	0	0	0	0	0	0	0	0	0	0	0
chrUn_gl000220	115145	154558	+	NR_046235	INTRON	0	0	0	0	0	0	0	1	0	0	0	0	0	0	0	0	0	0	0	0	0	0	0	0	0	0	0	0	0	0	0	0	0	0	0	0
chr12	69094730	69210591	+	NM_001330192	INTRON	0	0	0	0	0	0	0	0	0	0	0	0	0	0	0	0	0	0	0	0	0	0	0	0	0	0	0	0	0	0	0	0	0	0	0	1
chr9	127920654	127923120	-	NM_001123355	INTRON	0	0	0	0	0	0	0	0	0	0	0	0	0	0	0	0	0	0	0	0	0	0	0	0	0	0	0	0	0	0	0	0	0	0	0	2
chr20	39690130	39704810	+	NM_003286	INTRON	0	0	2	0	1	0	0	1	0	0	1	0	0	0	0	3	0	0	0	2	1	0	0	1	0	0	0	2	0	0	0	0	1	2	0	0
chr8	41792385	41794773	+	NM_006766	INTRON	0	3	0	0	0	0	0	0	0	0	0	1	0	0	0	0	2	2	0	0	0	0	0	0	3	0	0	1	0	0	1	0	0	0	0	2
chr1	19238577	19243396	-	NM_001136265	INTRON	0	1	0	0	0	0	0	0	0	0	0	0	0	0	0	2	0	0	0	0	0	0	0	0	0	0	0	0	0	0	0	0	0	0	0	1
chr1	38047937	38048378	-	NM_001323623	INTRON	0	0	0	0	0	0	0	0	0	0	0	0	0	0	0	1	0	0	0	0	0	0	0	0	0	0	0	0	0	0	0	0	0	1	0	0
chr2	112858272	112863578	+	NM_001329914	INTRON	0	0	0	0	0	0	0	0	0	0	0	0	0	0	0	0	0	0	0	0	0	0	0	0	0	0	0	0	0	0	0	0	0	0	1	0
chr2	198268488	198512678	-	NM_012433	INTRON	0	0	0	0	0	0	0	0	0	0	0	0	0	0	0	0	0	0	0	0	0	1	0	0	0	0	0	0	0	0	0	0	0	0	0	0
chr5	149769586	149771106	-	NM_000356	INTRON	0	0	0	0	0	0	0	0	0	0	0	0	0	0	0	0	0	0	0	0	0	0	0	0	0	0	0	0	0	0	1	0	0	0	0	0
chr17	59879297	59885827	-	NM_032043	INTRON	0	0	0	0	0	0	0	0	0	0	0	0	0	0	0	0	0	0	0	0	0	0	0	0	0	0	1	0	0	0	0	0	0	0	0	0
chr2	32713781	32715107	+	NM_016252	INTRON	0	0	0	0	0	0	0	0	0	0	0	0	0	0	0	0	1	0	0	0	1	0	0	0	0	0	0	0	0	0	0	0	0	0	0	2
chr14	45639949	45650632	+	NM_001308133	INTRON	0	0	0	0	0	0	0	0	0	0	0	0	0	0	0	0	2	0	0	0	0	0	0	0	0	0	0	0	0	2	0	0	0	1	0	0
chr3	14180797	14183092	+	NM_024334	INTRON	0	1	0	1	0	1	0	0	0	0	0	0	0	0	0	0	0	1	0	0	0	1	2	0	0	1	0	0	0	0	0	2	1	1	1	0
chr3	39111235	39116216	+	NM_001303402	INTRON	0	0	0	0	0	0	0	0	0	0	0	0	0	0	0	0	0	0	0	0	0	0	0	0	0	1	0	0	0	0	0	0	0	0	0	0
chr19	620080	620364	-	NM_005035	INTRON	0	0	0	1	0	0	0	0	0	0	0	0	0	0	0	0	0	0	0	0	1	0	0	0	0	0	0	0	0	0	0	0	0	1	0	0
chr4	2254249	2259708	-	NM_006454	INTRON	0	0	0	2	0	0	1	0	1	0	0	0	0	0	0	0	0	0	2	1	2	0	1	0	0	2	0	0	1	0	0	0	0	0	0	1
chr14	24687421	24687589	+	NM_001199823	INTRON	0	0	0	0	0	0	0	0	0	0	0	0	0	0	0	0	0	0	0	0	0	0	0	0	0	0	0	0	2	0	0	0	0	0	0	0
chr2	202131514	202137382	+	NM_001228	INTRON	0	0	0	0	0	0	0	0	0	0	0	0	0	0	0	0	0	0	0	0	0	0	0	0	0	0	1	0	0	0	0	0	0	0	0	0
chr14	75513097	75682962	-	NM_001040108	INTRON	0	0	0	0	0	0	0	0	0	0	0	0	0	0	0	0	1	0	0	0	0	0	0	0	0	0	0	0	0	0	0	0	0	0	0	0
chr10	116615099	116620507	+	NM_001135051	INTRON	0	0	0	0	0	0	0	0	0	0	0	0	0	0	0	0	0	0	0	0	1	0	0	0	0	0	0	0	0	0	0	0	0	0	0	0
chr16	3642853	3644453	-	NM_032444	INTRON	0	0	0	0	0	0	0	0	0	0	0	0	0	0	0	0	0	0	0	0	0	0	0	0	0	0	0	0	0	0	0	1	0	0	0	0
chr8	30990022	30995151	+	NM_000553	INTRON	0	2	0	1	0	0	0	0	0	0	0	0	0	0	0	0	0	0	0	0	0	0	1	0	0	0	0	0	0	0	0	0	0	0	0	0
chr2	64069338	64069672	+	NM_006759	INTRON	0	0	0	0	0	0	0	0	0	0	0	0	0	0	0	1	0	0	0	0	0	1	0	0	0	0	0	0	0	0	0	0	0	0	0	0
chr19	18856770	18857862	+	NM_001098482	INTRON	0	0	0	0	0	0	0	0	0	0	0	0	0	1	0	0	0	0	0	0	0	1	0	0	0	0	0	2	0	0	0	0	0	0	0	0
chr3	136088124	136096501	-	NM_005862	INTRON	0	0	0	0	0	0	0	0	0	0	0	0	0	0	0	1	0	0	0	0	0	0	0	0	1	0	0	0	0	0	0	1	0	0	0	0
chr6	42936236	42936611	-	NM_000287	INTRON	0	0	0	0	0	0	0	0	0	0	0	0	0	0	0	0	0	0	0	0	0	0	1	0	0	0	0	0	0	0	0	0	0	0	0	0
chr6	20534805	20535581	+	NM_017774	INTRON	0	0	0	0	0	0	0	0	0	0	0	0	0	0	0	0	0	1	0	1	0	0	0	0	0	0	0	0	0	0	0	0	0	0	0	0
chr13	113439571	113459270	+	NM_015205	INTRON	0	0	0	0	0	0	0	0	0	0	0	0	0	0	0	0	0	0	0	0	0	0	0	0	0	0	0	0	0	0	0	0	0	0	1	0
chrX	48417412	48417545	+	NM_002536	INTRON	0	0	0	0	0	0	0	0	0	0	0	0	0	0	0	0	0	0	0	0	0	1	0	0	0	0	0	0	0	0	0	0	0	0	0	1
chr5	33964121	33982340	-	NM_001012509	INTRON	0	0	0	0	0	0	0	0	0	0	0	0	1	2	1	1	0	0	0	0	2	0	0	0	0	0	1	0	0	4	3	0	0	2	0	1
chrUn_gl000220	115145	154040	+	NR_046235	INTRON	0	0	0	0	0	0	0	0	0	0	0	0	0	0	0	0	0	0	0	0	0	0	0	0	0	0	1	0	0	0	1	0	0	0	0	0
chr22	41652828	41653951	-	NM_001278651	INTRON	0	0	0	1	0	0	1	0	0	0	0	0	0	0	0	0	0	0	0	0	1	0	0	0	0	0	0	3	1	0	0	0	0	1	0	0
chr15	52668755	52671821	-	NM_000259	INTRON	0	0	0	1	0	0	0	0	0	0	0	0	0	0	0	0	0	0	0	0	0	0	1	0	0	0	0	0	0	0	0	0	0	0	0	0
chr6_dbb_hap3	1189824	1190712	+	NR_001317	INTRON	0	0	0	2	0	0	0	0	0	0	0	0	0	0	0	0	0	0	0	1	0	0	0	0	0	1	0	0	1	0	0	0	1	0	0	0
chr7	140476847	140476869	-	NM_004333	INTRON	0	0	0	0	0	0	0	0	0	0	0	0	0	0	0	0	0	0	0	0	0	0	0	0	0	0	0	0	0	0	0	2	0	0	0	0
chr11	61081958	61082803	-	NM_001923	INTRON	0	0	0	0	0	0	0	0	0	0	0	0	0	0	0	0	0	0	0	0	0	0	0	0	0	0	0	1	1	0	0	1	0	1	0	1
chr7	148526933	148529725	-	NM_001203247	INTRON	0	0	0	0	0	0	0	0	0	0	0	0	0	0	0	0	0	0	0	0	0	0	0	0	0	0	0	0	1	0	0	0	0	0	0	0
chr1	114367792	114673426	-	NM_001193431	INTRON	0	0	0	0	0	0	0	0	0	0	0	0	0	0	0	0	0	0	0	0	0	0	0	0	0	0	0	1	0	0	0	0	0	0	0	0
chr11	47238600	47240501	+	NM_000107	INTRON	0	0	0	0	0	0	0	0	0	0	0	0	0	0	0	0	0	0	0	0	0	0	0	0	0	0	0	0	0	1	0	0	0	0	0	0
chr2	27656957	27657337	+	NM_001321357	INTRON	0	0	0	0	0	0	0	1	0	0	0	0	1	0	0	0	0	0	0	1	0	0	0	0	0	0	0	0	0	0	0	0	0	0	0	0
chr16	1412743	1412825	+	NM_032520	INTRON	0	0	0	0	0	0	0	0	0	0	0	0	0	0	0	0	0	0	0	0	0	0	0	0	0	0	0	0	0	0	0	0	1	0	0	0
chr17	72860686	72860945	-	NM_001258012	INTRON	0	0	0	0	0	1	0	1	0	0	0	0	0	0	0	0	0	0	0	0	0	0	4	0	2	0	0	0	0	0	0	0	0	1	0	0
chr11	6541519	6549751	+	NM_173589	INTRON	0	0	0	0	0	0	1	0	0	0	0	0	0	0	0	0	0	0	0	0	0	0	0	0	0	0	0	0	0	0	0	1	0	0	0	0
chr15	40324438	40324957	+	NM_001013703	INTRON	0	0	0	1	0	0	0	0	0	1	0	0	0	0	0	0	0	0	0	0	0	0	0	0	0	0	0	0	0	0	0	0	0	0	0	0
chr11	64977923	64978284	+	NM_001198868	INTRON	0	0	0	0	0	1	0	0	0	0	0	0	0	0	0	0	0	0	0	0	0	0	0	0	0	0	0	0	0	1	0	1	0	0	0	0
chr19	49979058	49979401	+	NM_001278637	INTRON	0	0	0	0	0	0	0	0	0	0	0	0	0	0	0	0	0	0	0	0	0	1	0	0	0	0	0	0	0	0	0	0	0	1	0	0
chr17	36874206	36875769	+	NM_005937	INTRON	0	0	0	2	1	0	1	0	0	0	0	0	0	0	0	0	0	0	0	0	0	0	1	0	0	0	0	0	1	0	0	1	1	1	0	0
chr1	150808858	150825237	-	NM_001197325	INTRON	0	0	0	0	0	0	0	0	0	0	0	0	0	0	0	0	0	0	0	0	0	0	0	0	0	0	1	0	0	0	0	0	0	0	0	0
chr17	79257302	79258649	-	NM_001037984	INTRON	0	0	0	0	0	0	0	0	0	0	0	0	0	0	0	1	0	0	0	0	0	0	1	0	0	0	0	0	0	0	0	0	0	0	0	0
chr5	65346794	65349233	+	NM_001006600	INTRON	0	0	0	0	0	0	0	0	0	0	0	0	0	0	0	0	0	0	0	0	0	0	0	0	0	0	0	0	1	0	0	0	0	0	0	0
chr1	41204620	41213205	+	NM_001142587	INTRON	0	0	0	0	0	0	1	0	1	0	0	0	1	1	0	0	0	0	1	0	0	2	0	0	0	1	0	0	0	0	0	1	0	0	0	0
chr9	34402805	34405913	-	NM_001184940	INTRON	0	0	1	0	0	0	0	0	0	0	0	0	0	0	0	0	0	0	0	0	0	0	0	0	1	0	0	0	0	0	0	0	0	0	0	0
chr6	31238259	31323288	-	NM_002117	INTRON	0	0	0	0	0	0	0	0	0	0	0	0	0	0	0	0	0	0	0	0	0	0	0	0	0	0	0	0	0	1	0	0	0	1	0	0
chr8	41845081	41897014	-	NM_001305878	INTRON	0	0	0	1	0	0	0	0	0	0	0	0	0	0	0	0	0	0	0	0	0	1	0	0	0	1	0	0	2	0	1	0	0	0	0	0
chr2	70121150	70122225	+	NM_006857	INTRON	0	0	0	0	0	0	0	0	0	0	0	0	0	0	0	0	0	0	0	0	0	0	0	0	0	0	0	1	0	0	0	0	0	0	0	0
chr16	67692683	67693287	-	NM_001082486	INTRON	0	0	0	0	0	0	0	0	0	0	0	0	0	0	0	0	0	0	0	0	0	0	0	0	0	0	0	0	1	0	0	0	0	0	0	0
chr11	47441960	47442181	-	NM_002804	INTRON	0	0	1	0	0	0	0	0	0	0	2	0	0	2	0	0	0	0	0	0	1	0	0	0	0	0	1	0	1	0	0	0	0	1	1	0
chr3	155621749	155623948	+	NM_003875	INTRON	0	1	0	1	0	0	0	0	1	0	0	0	0	0	0	0	0	0	0	0	0	0	1	0	0	0	0	0	0	0	1	0	0	0	0	0
chr1	226551683	226694453	-	NM_001618	INTRON	0	0	0	0	0	0	0	0	0	0	0	0	0	0	0	0	0	0	0	0	0	0	0	0	0	1	0	1	0	0	0	0	0	0	0	0
chr2	37364160	37365412	-	NM_001135651	INTRON	0	0	0	0	0	0	0	0	0	0	0	0	0	0	0	0	0	0	0	0	1	0	1	0	0	0	0	0	0	0	0	0	0	0	0	0
chr4	72607587	72611867	-	NM_000583	INTRON	0	0	0	0	0	0	0	0	0	0	0	0	0	0	0	0	0	0	1	0	0	0	0	0	0	0	0	0	0	0	0	0	0	0	0	0
chr7	140482957	140486740	-	NM_004333	INTRON	0	0	0	0	0	0	0	0	0	0	0	0	0	0	0	0	0	0	0	0	0	0	0	0	1	0	0	2	2	0	0	0	0	1	1	0
chr15	51514722	51519975	-	NM_000103	INTRON	0	10	8	17	16	12	5	5	8	8	2	0	6	2	1	13	12	2	5	8	26	29	18	12	29	14	27	28	17	4	41	5	15	10	47	23
chr19	45923727	45924435	-	NM_001166049	INTRON	0	0	0	0	0	0	0	0	0	0	0	0	0	0	0	0	0	0	0	0	0	0	0	1	0	1	0	0	0	0	0	0	0	0	0	0
chr13	49765520	49771012	+	NM_001079673	INTRON	0	0	0	1	0	0	0	0	0	0	0	0	0	0	0	0	0	0	2	0	0	0	0	0	0	0	0	1	1	0	0	0	0	0	0	0
chr17	28808275	28811231	+	NM_004871	INTRON	0	1	0	1	0	0	0	0	0	0	0	2	0	0	0	0	0	0	0	0	0	0	0	0	0	0	0	0	0	0	0	0	0	0	0	0
chr15	85643297	85643386	+	NM_001243137	INTRON	0	0	0	1	0	0	0	0	0	0	0	0	0	0	0	0	0	0	0	0	0	0	0	0	0	0	0	0	0	0	0	0	0	0	0	0
chr19	51842396	51843268	-	NM_001163922	INTRON	0	0	0	0	0	0	0	0	0	0	0	0	0	0	0	0	0	0	0	0	0	0	0	0	0	0	0	1	0	0	0	0	0	0	0	0
chr16	24833468	24834194	+	NM_001330520	INTRON	0	0	0	1	0	1	0	0	0	0	0	0	0	0	0	0	0	1	0	0	1	1	0	0	0	0	0	0	1	0	0	0	0	0	0	0
chr15	75015299	75015394	-	NM_000499	INTRON	0	0	0	0	0	0	0	0	0	0	0	0	0	0	0	0	0	0	0	0	0	0	0	0	0	0	0	0	0	0	0	0	0	0	0	1
chr17	59981946	59984768	-	NM_001330417	INTRON	0	0	0	0	0	0	0	0	0	0	0	0	0	0	0	0	0	0	0	0	0	1	1	0	0	0	0	0	0	0	0	0	0	1	0	0
chr5	43628489	43644293	+	NM_001331026	INTRON	0	0	0	0	0	0	0	0	0	0	0	0	0	0	0	0	0	0	0	0	0	0	0	0	0	0	0	0	0	0	1	0	0	0	0	0
chr6	31323369	31323514	-	NM_005514	INTRON	0	5	21	10	0	3	12	0	0	0	0	26	7	39	0	16	20	29	0	63	73	91	0	6	85	0	0	1	0	85	77	125	0	66	75	138
chr5	118813196	118814528	+	NM_000414	INTRON	0	0	0	0	0	0	0	0	0	0	0	0	0	0	0	0	0	0	0	0	0	0	1	1	1	0	0	0	0	0	0	0	0	0	0	0
chr19	46117958	46119059	-	NM_001193268	INTRON	0	0	0	1	0	0	0	0	0	1	0	0	0	0	0	0	0	0	0	0	0	0	2	0	0	0	0	0	0	0	0	0	0	1	0	0
chr6	43550847	43573027	+	NM_001291969	INTRON	0	0	0	0	0	0	0	0	0	0	1	0	0	0	0	0	0	0	0	0	0	0	0	0	0	0	0	0	0	0	0	0	0	0	0	0
chr10	94214296	94220947	-	NM_001165946	INTRON	0	0	0	0	0	0	0	0	0	0	0	0	0	0	0	1	0	0	0	0	0	0	0	0	0	0	0	0	0	0	0	0	0	0	0	0
chr11	116741117	116744196	-	NM_001281748	INTRON	0	0	0	0	0	0	0	0	0	0	0	0	0	0	0	0	0	1	0	0	0	0	0	0	0	0	0	0	1	0	0	0	1	0	0	0
chr5	80150135	80171569	+	NM_002439	INTRON	0	0	0	0	0	0	0	1	0	0	0	0	0	0	0	0	0	0	1	0	1	1	1	0	0	0	0	2	0	0	0	1	0	2	0	3
chr10	89640196	89685272	+	NM_000314	INTRON	0	0	0	0	0	0	0	0	0	0	0	1	0	0	0	0	0	0	0	0	1	0	0	0	0	0	0	0	0	0	0	0	0	0	0	0
chr12	133256126	133448420	-	NM_006231	INTRON	0	0	0	0	0	0	0	0	0	0	0	0	0	0	0	0	0	0	0	0	0	0	0	0	0	0	1	0	0	0	0	0	0	0	0	0
chr8	28900676	28902877	+	NM_001135726	INTRON	0	1	0	0	0	0	0	0	0	0	0	0	0	0	0	0	0	0	0	0	0	0	0	0	0	0	0	0	0	0	0	0	0	0	0	0
chr12	25396329	25398207	-	NM_004985	INTRON	0	0	0	0	0	0	0	0	0	0	0	0	0	0	0	0	0	0	0	0	0	0	0	0	0	0	1	0	0	0	0	0	0	0	0	1
chrX	12994480	12994895	-	NM_021109	INTRON	0	0	0	0	0	0	6	0	1	4	4	1	0	0	2	0	0	0	1	2	0	0	0	0	0	6	0	2	0	2	2	2	0	0	0	0
chr14	21878147	21881071	-	NM_001170629	INTRON	0	0	0	0	0	0	0	0	0	0	0	1	0	0	0	0	0	0	0	0	1	0	0	0	0	0	0	1	0	0	0	0	0	0	0	0
chr15	52613706	52615551	-	NM_000259	INTRON	0	0	0	0	0	0	0	0	0	0	0	0	0	0	0	0	0	0	1	0	0	0	0	0	0	0	0	0	1	0	0	0	0	1	1	0
chrX	20153902	20153934	-	NM_001412	INTRON	0	0	0	0	0	0	0	0	0	0	0	0	1	0	0	0	0	0	0	0	0	0	0	0	0	0	0	0	0	0	0	0	0	0	0	0
chr7	148572933	148581255	-	NM_001203249	INTRON	0	0	0	0	0	0	0	0	0	0	0	0	0	0	0	0	0	0	0	0	0	0	0	0	0	0	0	0	1	0	0	0	0	0	0	0
chrUn_gl000220	110594	153114	+	NR_046235	INTRON	0	0	0	0	0	0	0	0	0	0	0	0	0	0	0	0	0	0	0	0	0	0	0	0	0	0	1	1	0	0	0	0	0	0	0	0
chr19	44622467	44622634	+	NM_001321685	INTRON	0	0	0	0	0	0	0	0	0	0	0	0	0	0	0	0	0	0	0	0	0	0	1	0	0	0	0	0	0	0	0	0	0	0	0	0
chr9	124497615	124519291	+	NM_138709	INTRON	0	0	0	0	0	0	0	0	0	1	0	0	0	0	0	0	0	0	0	0	0	0	0	0	0	0	0	0	0	0	0	0	0	0	0	0
chr11	47602536	47603639	+	NM_004551	INTRON	0	0	0	0	0	0	0	0	0	0	0	0	0	0	1	0	0	0	0	0	0	0	0	0	2	2	0	0	0	0	0	0	0	0	0	0
chr11	47248622	47256139	+	NM_000107	INTRON	0	0	0	0	0	0	0	0	0	0	0	1	0	0	0	0	0	0	0	0	0	0	0	0	0	0	0	0	0	0	0	0	0	0	0	0
chr12	42720031	42726461	+	NM_001143787	INTRON	0	0	0	0	0	0	0	0	0	0	0	0	0	0	0	0	0	0	0	0	0	0	0	0	0	0	0	0	0	0	1	0	0	0	0	0
chr2	32744013	32749954	+	NM_016252	INTRON	0	2	0	0	0	0	0	0	0	0	0	0	0	0	0	0	0	0	0	0	0	0	0	0	1	0	4	0	0	0	0	0	0	0	0	0
chr17	29606697	29657313	+	NM_002544	INTRON	0	0	0	0	0	0	0	0	0	0	0	0	0	0	0	0	0	0	0	0	0	0	0	0	0	0	0	0	0	0	0	0	0	0	1	0
chr6	32629999	32632670	-	NM_001243961	INTRON	0	0	0	0	0	0	0	0	0	0	0	0	0	0	0	0	0	0	0	0	0	0	0	0	0	0	0	0	0	0	1	0	0	0	0	0
chr19	5896586	5896915	-	NM_001193375	INTRON	1	0	1	0	1	0	0	0	0	1	0	0	1	0	0	3	0	2	0	0	0	1	1	0	1	0	0	0	0	1	0	1	0	2	0	0
chr16	50746312	50748918	+	NM_001293557	INTRON	1	0	0	2	1	0	0	0	0	0	0	0	2	0	0	0	0	2	0	1	0	1	1	1	0	5	1	0	2	1	1	6	3	0	1	2
chr11	16863269	16872737	-	NM_001329630	INTRON	0	0	0	0	0	0	0	0	0	0	0	0	0	0	0	0	0	0	0	0	0	1	0	0	0	0	0	0	0	0	0	0	0	0	0	0
chr17	33444056	33446550	-	NM_002878	INTRON	0	0	0	0	0	0	0	0	0	0	0	0	0	0	0	0	0	1	0	0	0	0	0	0	0	1	0	0	0	0	0	0	0	0	0	0
chr15	75631685	75632042	+	NM_001284377	INTRON	0	0	0	0	0	0	0	0	0	0	0	0	0	0	0	0	0	0	0	0	0	0	0	0	0	0	0	0	0	0	0	0	1	0	0	0
chr17	79596831	79603941	-	NM_017921	INTRON	0	0	1	1	0	0	0	0	0	0	0	0	0	0	0	0	0	2	1	0	0	0	0	0	0	2	0	0	1	0	0	1	0	0	0	0
chr3	14197989	14199510	-	NM_004628	INTRON	0	0	0	0	1	0	2	0	0	0	0	0	0	0	0	0	0	0	0	0	0	1	0	0	0	0	0	0	1	0	0	0	0	0	0	0
chr9	5510803	5522532	+	NM_025239	INTRON	0	0	0	0	0	0	0	0	0	0	0	0	0	0	0	0	0	0	0	0	0	0	0	0	0	0	0	1	0	0	0	0	0	0	0	0
chr1	3624355	3638584	+	NM_001126240	INTRON	0	0	0	1	1	0	0	0	0	0	0	0	0	0	0	3	0	0	1	0	1	1	2	0	0	0	1	0	1	0	0	1	1	0	1	0
chr20	33315104	33315192	-	NM_001242539	INTRON	0	0	0	0	0	0	0	0	0	0	0	0	0	1	0	0	0	0	0	0	0	0	0	0	0	0	0	0	0	0	0	0	0	0	0	0
chr16	53913828	53913852	+	NM_001080432	INTRON	0	0	0	0	0	0	0	0	1	0	0	0	0	0	0	0	0	0	0	0	0	0	0	0	0	0	0	0	0	0	0	0	0	0	0	0
chr11	66039931	66043274	+	NM_030981	INTRON	1	0	1	1	0	0	0	0	0	0	0	0	0	1	0	0	0	1	0	1	0	0	0	0	1	0	1	0	0	0	0	0	1	1	0	0
chr11	71705898	71706495	+	NM_001300926	INTRON	0	0	0	0	0	0	0	0	0	0	0	1	0	0	0	0	0	0	0	0	0	1	0	0	0	0	0	0	0	0	0	0	0	0	0	0
chr4	103453422	103455001	+	NM_003998	INTRON	0	0	0	0	0	0	0	0	0	0	0	0	0	0	0	0	0	0	0	0	0	0	0	0	0	0	0	0	0	0	0	0	1	0	0	0
chr6	107011801	107016346	+	NM_001624	INTRON	0	1	0	0	0	0	0	2	0	0	0	0	0	0	0	0	0	0	0	0	2	0	2	0	1	0	1	1	0	0	1	0	0	0	0	2
chr1	114149819	114397091	-	NM_001142782	INTRON	0	0	0	0	0	0	0	0	0	0	0	0	0	0	0	0	1	0	0	0	0	0	0	0	0	0	0	0	0	0	0	0	0	0	0	0
chr6	116439108	116542216	+	NM_000493	INTRON	0	0	0	0	0	1	0	0	1	1	0	0	0	0	0	0	0	0	1	0	0	0	0	0	0	0	0	1	1	0	0	0	0	0	0	0
chr17	78115647	78117970	-	NM_014740	INTRON	0	2	0	0	0	0	0	0	1	0	0	1	0	0	0	1	0	0	0	0	0	1	1	0	1	1	0	0	1	0	0	1	0	1	0	0
chr16	3188542	3188745	+	NR_104432	INTRON	0	0	0	0	0	0	0	0	0	0	0	0	0	0	0	0	0	0	0	0	0	0	0	0	0	0	0	0	0	0	0	0	0	0	1	0
chr6	32549381	32609105	-	NM_002124	INTRON	0	0	0	0	0	1	0	0	0	0	0	0	0	0	0	0	0	0	0	0	0	0	0	0	0	0	0	0	0	0	0	0	0	0	0	0
chr9	139115699	139115852	-	NM_181701	INTRON	0	0	0	0	0	0	0	0	0	0	0	0	0	0	0	0	0	0	0	0	0	0	0	0	0	0	0	0	0	0	1	0	0	0	0	0
chr7	75617466	75617569	-	NM_001317803	INTRON	0	0	0	1	0	0	0	0	0	0	0	0	0	0	0	0	0	0	0	1	0	0	0	0	0	0	0	0	0	0	0	0	0	0	0	0
chr22	39141181	39141688	-	NM_001199579	INTRON	0	0	0	0	2	0	0	0	0	0	0	0	0	0	0	0	0	0	0	0	0	0	0	0	0	0	0	0	0	0	0	0	0	0	0	0
chr12	114395855	114397016	-	NM_001146698	INTRON	0	0	0	1	0	0	0	0	0	0	0	0	0	0	0	1	2	0	0	0	1	0	0	0	0	0	0	0	0	0	0	1	0	0	1	0
chr6	397167	501976	+	NM_002460	INTRON	0	0	0	0	0	0	1	0	0	0	0	0	0	0	0	0	0	0	0	0	0	0	0	0	0	0	0	0	0	0	0	0	0	0	0	0
chr12	50044661	50044950	-	NM_175736	INTRON	0	0	0	1	0	0	0	0	0	0	0	0	0	0	1	0	0	0	0	0	0	1	0	0	0	0	0	0	0	0	1	0	0	0	0	0
chr1	230410310	230415048	-	NM_001291866	INTRON	0	0	0	0	0	0	0	0	0	0	0	0	0	0	0	0	0	0	0	0	0	0	2	0	0	0	0	0	0	0	0	0	0	0	0	0
chr1	161008463	161008669	-	NM_001113205	INTRON	0	0	0	0	0	0	0	0	0	0	0	0	0	0	0	0	0	0	0	0	0	0	0	0	0	0	0	0	0	0	1	0	0	0	0	0
chr14	74194227	74196342	-	NM_001043318	INTRON	1	1	1	14	11	8	4	3	7	2	0	0	1	2	0	12	8	6	13	7	8	63	60	3	28	13	10	7	16	6	8	12	14	36	19	20
chr22	30077590	30079008	-	NM_000268	INTRON	0	3	0	0	0	0	1	0	0	0	2	0	2	0	0	0	0	0	0	0	0	0	0	0	0	2	0	0	0	0	0	0	0	0	0	0
chr2	136289203	136360069	+	NM_001282798	INTRON	1	0	0	1	0	0	0	0	0	0	1	0	0	0	0	0	0	1	0	0	0	0	1	0	0	0	0	0	0	0	0	1	3	1	0	1
chr11	102188302	102192567	+	NM_001165	INTRON	0	0	0	1	1	0	0	0	0	0	0	0	0	0	0	1	0	0	0	2	0	0	0	0	1	0	0	1	1	0	0	0	0	0	2	2
chr1	167974031	167992225	+	NM_001198956	INTRON	0	0	0	0	0	1	0	0	0	0	0	0	0	0	0	0	0	0	0	0	0	0	0	0	0	0	0	0	0	0	0	0	0	0	0	0
chr22	24953768	24967883	+	NM_001278656	INTRON	0	0	0	0	0	0	0	0	0	0	0	0	0	0	0	0	0	0	0	0	0	0	0	0	0	0	0	0	0	0	0	0	0	0	0	1
chr19	36706091	36719649	+	NM_001099638	INTRON	0	0	0	0	0	0	0	0	0	0	0	0	0	0	0	0	0	0	0	0	0	0	0	0	0	0	0	0	0	0	0	0	0	1	0	0
chr4	103459113	103476570	+	NM_001165412	INTRON	0	0	0	0	0	0	0	2	0	0	0	0	0	0	0	0	0	0	0	0	0	0	0	0	1	0	0	1	0	0	0	0	0	0	1	0
chr12	125271049	125271951	-	NM_001082959	INTRON	0	0	0	0	1	0	0	0	0	0	0	0	0	0	0	2	0	1	0	0	0	1	1	1	0	0	0	1	0	0	0	3	0	2	0	1
chr15	28273205	28273657	-	NM_000275	INTRON	0	0	0	0	0	0	0	0	0	0	0	0	0	0	0	0	0	0	0	1	0	0	0	0	0	0	0	0	0	0	0	0	0	0	0	0
chrX	47424749	47426037	+	NM_001256197	INTRON	0	0	0	2	0	0	0	0	0	0	0	0	0	1	0	0	0	0	0	0	0	0	0	0	0	0	0	0	0	0	0	0	0	1	1	0
chr12	110341019	110341741	+	NM_001143852	INTRON	0	0	0	1	0	0	0	0	0	0	0	1	0	0	0	0	0	0	0	0	0	0	0	0	0	1	0	1	0	0	1	0	0	0	0	0
chrUn_gl000220	117964	159170	+	NR_046235	INTRON	0	0	0	0	0	0	0	0	0	0	0	0	0	0	2	0	0	0	0	0	0	0	0	0	0	0	0	0	0	0	0	0	0	0	0	0
chr10	116605848	116605933	+	NM_001135051	INTRON	0	0	0	0	0	0	0	0	0	0	0	0	0	0	0	0	0	0	0	0	0	1	0	0	0	0	0	0	0	0	0	0	0	0	0	0
chr3	146234954	146239330	-	NM_021105	INTRON	0	0	0	0	0	0	0	0	0	0	0	0	0	1	0	0	0	0	0	0	1	0	0	0	0	0	0	2	0	0	0	0	0	0	0	2
chrUn_gl000220	115294	157376	+	NR_046235	INTRON	0	0	0	0	0	0	0	0	0	0	0	0	0	0	0	0	0	0	0	0	0	0	0	0	0	0	0	0	0	0	0	0	1	0	0	0
chr5	112074157	112102022	+	NM_000038	INTRON	0	0	1	0	0	0	0	0	0	0	0	0	0	0	0	0	0	0	1	1	0	0	2	0	0	1	0	0	0	0	0	0	0	0	0	0
chr6	168281197	168289894	+	NM_001040000	INTRON	0	0	0	0	0	0	0	0	0	0	0	0	0	0	0	0	0	0	0	0	0	0	1	0	0	0	0	0	0	0	0	0	0	0	0	0
chr21	43803307	43804078	-	NM_001256317	INTRON	0	1	0	0	0	0	0	0	0	0	0	0	0	0	0	0	0	0	0	0	0	0	0	0	0	0	0	0	0	0	0	0	0	0	0	0
chr15	74636333	74637384	+	NM_000781	INTRON	0	0	0	0	0	0	0	0	0	0	0	0	0	0	0	0	0	0	0	0	0	0	0	0	1	0	0	0	0	0	0	0	0	0	0	0
chr6	116910148	116911434	+	NM_001007464	INTRON	0	1	0	0	0	0	0	0	0	0	0	0	0	0	0	0	0	0	0	0	0	0	0	0	0	0	0	1	0	0	0	0	0	0	0	0
chr3	4808394	4810194	+	NM_001099952	INTRON	0	0	0	0	0	0	0	0	0	0	0	0	0	0	0	0	0	0	0	0	0	0	0	0	0	0	2	0	0	0	0	0	0	1	0	0
chr6_cox_hap2	1209529	1314045	+	NM_001098478	INTRON	0	0	0	1	0	0	0	0	1	0	0	0	0	0	0	1	0	0	0	1	1	1	0	0	0	0	0	0	1	0	0	0	0	0	0	0
chr12	120960166	120966742	-	NM_032314	INTRON	0	0	0	0	0	0	0	0	0	0	0	0	0	0	0	2	0	0	1	0	1	0	0	0	0	0	0	0	0	0	0	0	0	0	0	0
chrUn_gl000220	113647	157532	+	NR_046235	INTRON	0	0	0	0	0	0	1	0	0	0	0	0	0	0	0	0	0	0	0	1	0	0	0	0	0	0	0	0	0	0	0	0	0	0	1	0
chr10	90768679	90934541	+	NM_000043	INTRON	0	0	0	0	0	0	0	0	0	0	0	0	0	0	0	0	0	0	0	0	0	0	0	0	0	0	0	0	0	1	0	0	0	0	0	0
chr6	7590646	7593966	+	NM_152551	INTRON	0	1	0	0	0	0	0	0	0	0	0	0	0	0	0	0	0	0	0	0	0	1	1	0	0	0	0	0	0	0	0	1	0	1	0	0
chr11	108171968	108172374	+	NM_000051	INTRON	0	0	0	0	0	0	0	0	0	0	0	0	0	0	0	0	0	0	0	0	0	0	0	0	0	0	0	0	0	0	2	0	0	0	0	0
chrUn_gl000220	117717	153679	+	NR_046235	INTRON	0	0	0	0	0	0	0	0	0	0	0	0	0	0	0	0	0	0	0	0	0	0	0	0	0	0	1	0	0	0	1	0	0	0	0	0
chr2	207027338	207027452	+	NM_001037663	INTRON	0	5	0	1	0	2	2	0	0	3	2	2	0	2	1	0	3	2	1	3	2	2	3	0	1	1	0	0	1	1	0	0	2	2	0	1
chr8	48769860	48771076	-	NM_001081640	INTRON	0	0	0	0	0	0	0	0	0	0	0	0	0	0	0	1	0	0	0	0	0	0	0	0	0	0	0	0	0	0	0	0	0	0	0	0
chr9	135527879	135534057	-	NM_001322344	INTRON	0	0	0	0	0	0	0	0	0	0	0	0	0	0	0	0	0	0	0	0	2	0	0	0	0	0	0	0	0	0	0	0	0	0	0	1
chr13	32932052	33187986	+	NM_000059	INTRON	0	0	1	0	0	0	0	0	0	0	0	0	0	0	0	0	0	0	0	0	0	0	0	0	0	0	0	0	0	0	0	0	0	0	0	0
chr7	158482645	158483259	-	NM_001281932	INTRON	0	0	0	0	0	0	0	0	0	0	0	0	0	0	0	0	0	0	1	0	0	0	1	0	0	0	0	0	0	0	1	0	0	1	0	0
chr3	25679801	25683812	-	NM_001068	INTRON	0	0	1	0	1	0	0	2	0	0	0	0	0	2	0	0	0	0	0	0	0	0	0	0	0	0	0	0	0	0	0	0	0	0	0	0
chr6	41653975	41654831	-	NM_001167827	INTRON	0	2	1	4	3	2	0	2	1	0	1	1	0	1	4	0	5	3	7	9	11	3	13	3	9	4	3	4	7	0	3	2	3	8	14	7
chr3	48577204	48581012	-	NM_001317134	INTRON	0	0	0	0	4	2	4	0	0	0	0	0	0	0	1	2	2	0	0	0	0	2	3	0	1	0	0	0	0	1	1	0	0	0	1	0
chr17	80436794	80437813	+	NM_001038618	INTRON	0	0	0	0	0	0	0	0	0	0	0	0	0	0	0	0	0	0	0	0	0	0	0	0	0	0	0	0	0	0	1	0	0	0	0	0
chr2	73994334	73996391	-	NM_003584	INTRON	0	0	0	0	0	0	0	0	0	0	0	0	0	0	0	1	0	0	0	0	0	0	0	0	0	0	0	0	0	0	0	0	0	1	0	0
chr6	53365148	53365229	-	NM_001197115	INTRON	0	0	0	0	0	0	0	0	0	0	0	0	0	0	0	0	0	0	0	0	0	1	0	0	0	0	0	0	0	0	0	0	0	0	0	0
chr1	150808858	150830867	-	NM_001197325	INTRON	0	0	0	0	0	1	0	0	0	0	0	0	0	0	0	0	0	0	0	0	0	0	0	0	0	0	0	0	0	0	0	0	0	0	0	0
chr3	41241233	41265511	+	NM_001098209	INTRON	0	0	0	0	1	0	0	2	0	0	0	0	0	0	0	0	1	0	0	0	0	0	0	1	1	0	0	0	0	0	0	1	0	1	0	0
chr12	69222567	69229628	+	NM_001145337	INTRON	0	0	0	0	0	0	0	0	0	0	0	0	0	0	0	0	0	0	1	0	2	0	0	0	0	0	0	0	2	0	0	1	0	0	0	3
chr17	42937911	42940080	-	NM_001142605	INTRON	0	0	0	0	1	0	0	0	0	0	0	0	0	0	0	1	1	0	0	0	0	1	1	0	0	0	0	2	0	0	0	0	0	0	0	0
chr9	15591554	15594038	+	NM_001348002	INTRON	0	0	0	0	0	0	0	0	0	0	0	0	0	0	0	0	0	0	0	0	0	0	0	0	0	0	0	0	0	0	0	0	0	0	0	2
chr6_cox_hap2	2752306	2752630	-	NM_001243042	INTRON	0	0	0	0	0	0	0	0	0	0	0	0	0	0	0	0	0	0	0	0	0	0	0	0	0	0	0	0	0	0	0	1	0	0	0	0
chr17	72959173	72959834	-	NM_030630	INTRON	0	0	0	0	0	0	0	0	0	0	0	0	0	0	0	1	0	0	0	0	0	0	0	0	0	0	0	0	0	0	0	0	0	0	0	0
chr16	2027671	2027742	+	NM_006453	INTRON	0	0	0	0	0	0	0	0	1	0	0	0	0	0	0	0	0	0	0	0	1	0	0	0	0	1	0	0	0	0	1	0	0	0	0	0
chrUn_gl000220	115704	158280	+	NR_046235	INTRON	0	0	0	0	0	0	0	0	0	0	1	0	0	0	0	0	0	0	0	0	0	0	0	0	0	0	0	0	0	0	0	0	0	0	0	0
chr16	2121935	2122849	+	NM_000548	INTRON	0	0	0	0	0	0	0	0	0	0	0	0	0	0	0	0	0	0	0	0	0	0	0	0	0	0	0	0	0	0	0	0	0	1	0	0
chr7	6018310	6022535	-	NM_000535	INTRON	0	0	0	0	0	0	0	0	0	0	0	0	0	0	0	0	0	0	0	0	0	0	0	0	0	0	1	0	0	0	0	0	0	0	0	0
chrX	53566773	53569403	-	NM_031407	INTRON	0	0	0	0	0	2	0	0	1	0	0	0	0	0	0	0	2	0	0	0	0	0	0	0	0	1	0	0	0	0	1	1	0	2	1	2
chr10	89711941	89711988	+	NM_000314	INTRON	0	0	0	0	0	0	0	0	0	0	0	0	0	0	0	0	1	0	0	0	0	0	0	1	0	0	0	0	1	0	0	0	0	0	0	0
chr12	6635781	6636056	+	NM_014865	INTRON	0	0	0	0	0	0	1	0	1	0	0	0	0	0	0	0	0	0	0	1	1	0	0	0	1	0	0	0	0	0	0	0	0	0	1	0
chr1	169096646	169099247	+	NM_001677	INTRON	0	0	0	0	0	0	0	0	0	0	0	0	0	0	0	0	0	0	0	0	0	0	0	1	0	0	0	0	2	0	0	0	0	0	0	0
chr12	27786389	27787842	+	NM_001198916	INTRON	0	0	0	0	0	0	0	0	0	0	0	0	0	0	0	0	0	0	0	0	0	1	0	0	0	0	0	0	0	0	0	0	0	0	0	0
chr3	41266244	41266444	-	NM_001098209	INTRON	3	5	8	4	1	11	2	8	4	3	7	6	4	3	3	4	2	4	4	5	0	5	1	0	7	9	4	6	2	4	8	8	5	6	5	1
chr9	6720997	6723526	+	NM_001146696	INTRON	0	0	0	0	0	0	0	0	0	0	0	0	0	0	0	0	0	0	0	0	0	0	0	0	0	0	0	0	0	0	0	0	0	0	0	1
chr10	89711973	89720867	+	NM_000314	INTRON	0	0	0	0	0	0	0	0	0	0	0	0	0	0	0	0	0	1	0	0	0	0	0	0	0	0	0	0	0	0	0	0	0	0	0	0
chr11	118044262	118348881	+	NM_004588	INTRON	0	0	0	0	0	0	0	0	0	0	0	0	0	0	0	0	0	0	0	0	0	0	0	0	0	0	0	0	0	0	1	0	0	0	0	0
chr1	111717585	111724808	+	NM_001007794	INTRON	0	0	1	0	0	0	0	0	0	0	0	0	0	0	0	0	0	0	0	0	0	1	0	0	0	0	0	0	0	0	0	0	0	0	0	0
chr19	41837115	41838032	-	NM_000660	INTRON	1	0	0	0	1	0	0	0	0	1	0	1	0	0	0	0	1	0	0	0	0	0	2	0	0	0	0	0	1	0	0	1	0	0	0	0
chr7	150143977	150144163	+	NR_034033	INTRON	0	1	0	0	0	0	0	0	0	0	0	0	0	0	0	0	0	0	0	0	0	1	1	0	0	0	0	0	0	0	0	0	0	0	0	0
chr10	105677414	105677605	-	NM_024928	INTRON	0	0	0	0	0	0	0	0	1	0	0	0	0	0	0	2	0	1	0	1	0	1	0	0	0	1	0	0	1	1	1	0	1	0	3	0
chrX	123190074	123195094	+	NM_001042749	INTRON	0	0	0	0	0	0	0	0	0	0	0	0	0	0	0	0	0	0	0	0	0	0	0	0	0	0	0	0	0	0	0	0	0	0	0	1
chr17	30932259	30965739	-	NM_001303279	INTRON	0	0	0	0	0	0	0	0	0	0	0	0	0	0	0	1	0	0	0	0	0	0	0	0	0	0	0	0	1	0	0	0	0	0	0	0
chr1	22151108	22151196	-	NM_001013693	INTRON	0	0	0	0	0	0	0	0	0	0	0	0	0	0	0	0	0	0	0	0	0	1	0	0	0	0	0	0	0	0	0	0	0	0	0	0
chrUn_gl000220	115970	154498	+	NR_046235	INTRON	0	0	0	0	0	0	0	0	0	0	0	0	0	0	0	0	0	0	0	0	0	1	0	0	0	0	0	0	0	0	0	0	0	0	0	0
chr8	30925843	30931624	+	NM_000553	INTRON	0	0	0	0	0	0	0	0	0	0	0	0	0	0	0	1	0	0	0	0	0	0	0	0	0	0	0	0	0	0	0	0	0	0	1	0
chr2	99811652	99812035	+	NM_145212	INTRON	0	0	0	0	0	0	0	0	1	0	0	0	0	0	0	0	0	0	0	0	0	0	0	0	0	0	0	0	0	0	0	0	0	0	0	0
chr3	138341258	138347948	+	NM_001033030	INTRON	0	0	0	1	0	0	0	0	0	0	0	0	0	0	0	0	0	0	0	0	0	0	0	0	0	0	0	0	0	1	0	0	0	0	0	0
chr7	137593182	137597736	-	NM_001253775	INTRON	0	1	0	0	0	0	0	0	0	0	0	1	0	0	0	1	1	0	0	0	0	1	0	0	0	1	0	0	0	0	0	0	1	0	0	0
chr11	64532990	64533422	-	NM_001178031	INTRON	0	0	0	0	0	0	0	1	0	0	0	0	0	0	0	0	0	0	0	0	0	1	0	0	0	0	0	0	0	0	0	0	0	0	0	0
chrUn_gl000220	114726	153970	+	NR_046235	INTRON	0	0	1	0	0	0	0	0	0	0	0	0	0	0	0	0	0	0	0	0	0	0	0	0	0	0	0	0	0	0	0	0	0	0	0	0
chr2	47702409	47705410	+	NM_000251	INTRON	0	0	2	0	0	0	0	0	0	0	0	0	0	0	0	0	1	0	0	0	12	0	2	2	2	0	1	0	1	6	0	1	2	0	8	2
chr1	110211993	110257568	+	NM_000848	INTRON	0	1	0	0	0	0	0	0	0	0	0	0	0	0	0	0	0	0	0	0	0	0	0	0	0	0	0	0	0	0	0	0	0	0	0	0
chr1	93657663	93659172	+	NM_001306076	INTRON	0	0	0	0	0	0	0	0	0	0	0	0	0	0	0	0	0	0	0	0	0	0	0	0	0	0	1	0	0	0	0	0	0	0	0	0
chr12	6700991	6701081	-	NM_001273	INTRON	0	0	0	0	1	0	0	0	0	0	0	0	0	0	0	0	1	0	0	0	0	0	0	0	0	0	0	0	0	0	2	0	0	0	0	0
chr15	28506108	28508063	-	NM_004667	INTRON	0	0	0	2	0	0	0	0	2	0	0	0	0	0	0	0	0	0	0	1	1	2	0	0	0	0	0	0	0	0	2	0	1	0	0	0
chr16	69337603	69419317	-	NM_006750	INTRON	0	0	0	0	0	0	0	0	0	0	0	0	0	0	0	0	0	0	1	0	0	0	0	0	0	0	0	0	0	0	0	0	0	0	0	0
chr12	133220563	133224590	-	NM_006231	INTRON	0	0	0	0	1	0	0	0	0	0	0	0	0	0	0	0	0	0	0	0	0	0	0	0	0	0	0	0	0	0	0	0	0	0	0	0
chr6	44232755	44345448	-	NM_004556	INTRON	0	0	0	0	0	0	0	0	0	0	0	0	0	0	0	0	0	0	0	1	0	0	0	0	0	0	0	0	0	0	0	0	0	0	0	0
chr19	3425175	3433515	+	NM_001245002	INTRON	0	0	0	1	0	0	0	0	0	0	0	0	0	0	0	0	0	0	0	0	1	0	0	0	0	0	0	0	0	0	0	0	0	0	0	0
chr19	3192658	3193281	+	NM_001321463	INTRON	0	0	0	0	0	0	0	0	0	0	0	0	0	0	0	0	0	0	0	0	0	0	0	0	0	1	0	0	0	0	0	0	0	1	0	0
chr1	212869254	212870302	-	NM_018664	INTRON	0	0	0	1	0	0	0	0	0	0	0	0	0	0	0	0	0	0	0	0	0	0	0	0	0	0	0	0	0	0	0	0	0	0	0	0
chr17	80579675	80583264	-	NM_019613	INTRON	0	0	0	0	0	0	0	0	0	0	1	0	0	0	0	0	0	0	0	0	0	0	0	0	0	0	0	0	0	0	1	1	0	0	0	0
chr19	38632075	38633212	+	NM_015073	INTRON	0	0	0	0	0	1	0	0	0	0	0	1	0	0	0	0	0	0	0	1	0	0	0	0	1	1	0	0	1	0	0	0	1	0	0	1
chr8	61767082	61768533	+	NM_017780	INTRON	0	0	0	0	0	0	0	0	0	0	0	0	0	0	0	0	0	0	1	0	0	0	0	0	0	0	0	0	0	0	0	0	0	0	0	0
chrUn_gl000220	114120	154120	+	NR_046235	INTRON	0	1	0	0	0	0	0	0	0	0	0	0	0	0	0	0	0	0	0	0	0	0	0	0	0	0	0	0	0	0	0	0	0	0	0	0
chr16	72133786	72134334	+	NM_014003	INTRON	0	0	0	0	0	0	0	0	0	0	0	0	0	0	0	0	0	0	0	0	0	0	0	0	0	0	1	0	2	0	1	2	0	0	0	0
chr12	6878840	6879086	+	NM_001330333	INTRON	1	1	0	2	0	0	0	1	1	0	1	2	0	0	2	0	1	1	0	1	1	0	3	0	2	0	2	2	1	1	0	0	0	0	1	0
chr11	63975691	63978082	-	NM_031471	INTRON	0	0	0	0	0	0	0	0	0	0	0	0	0	0	0	0	0	0	0	0	0	0	0	0	0	0	0	1	0	0	0	0	0	0	0	0
chr1	51929470	51930932	-	NM_001981	INTRON	0	0	0	0	0	0	0	0	0	0	0	0	0	0	0	0	0	0	0	0	0	0	0	0	1	1	0	0	0	1	0	0	0	1	0	2
chr19	11835069	11836015	-	NM_001080493	INTRON	0	0	0	0	0	0	0	0	0	0	0	0	0	0	0	0	0	0	0	0	0	0	0	0	0	0	0	0	0	0	0	0	0	1	0	0
chr5	118454699	118456665	+	NM_001290321	INTRON	0	0	0	0	1	0	0	0	0	0	0	0	0	0	0	0	0	0	0	0	0	0	0	0	0	0	0	0	0	0	0	0	0	0	1	0
chr20	43623843	43625883	+	NM_006282	INTRON	0	0	0	0	0	0	0	0	0	0	0	0	0	0	0	0	0	0	0	0	0	0	0	0	0	0	0	0	1	0	0	0	0	0	0	0
chr13	48942702	48947537	+	NM_000321	INTRON	0	0	0	0	0	0	0	0	0	0	0	0	0	0	0	0	0	0	0	0	0	0	0	1	0	0	0	0	0	0	0	0	0	0	0	0
chr1	226570220	226574060	-	NM_001618	INTRON	0	0	0	1	0	0	0	0	0	0	0	0	0	0	0	0	0	0	0	0	0	0	0	0	0	0	0	0	0	0	0	0	0	0	0	0
chr3	178932509	178935997	+	NM_006218	INTRON	0	0	0	0	0	0	0	0	0	0	0	0	0	0	1	0	0	1	0	0	0	0	0	0	0	1	0	0	0	0	0	0	0	0	0	0
chr19	41916914	41919953	+	NM_000709	INTRON	0	1	1	0	0	0	0	0	0	0	0	0	0	0	0	0	0	0	0	0	0	0	0	0	0	0	0	0	0	0	0	0	0	1	0	0
chr13	77866477	77870733	-	NM_015057	INTRON	0	0	0	0	0	0	0	0	0	0	0	0	0	0	0	0	0	0	0	0	0	0	0	0	0	0	0	0	0	0	0	0	0	1	0	0
chr17	76129615	76129819	-	NM_152468	INTRON	0	0	0	0	0	0	0	1	0	0	0	0	0	1	0	0	0	0	0	0	0	0	1	0	0	0	1	0	0	0	0	0	0	0	0	0
chr21	42778790	42836769	+	NM_002463	INTRON	0	0	0	0	0	0	0	0	0	0	0	0	0	0	0	0	0	0	0	0	0	0	1	0	0	0	0	0	0	0	0	0	0	0	0	0
chr12	31227025	31231323	+	NM_004399	INTRON	0	0	0	0	0	0	0	0	0	0	0	0	0	0	0	0	0	0	1	0	0	0	0	0	0	0	0	0	0	0	0	1	0	0	0	0
chr11	76248994	76250642	+	NM_001300942	INTRON	0	0	0	0	0	0	0	1	0	0	0	0	0	0	0	0	0	0	0	0	0	0	3	0	0	0	0	0	0	0	0	0	0	0	0	0
chr4	17510986	17513572	-	NM_000320	INTRON	0	0	0	0	0	0	0	0	0	0	2	0	0	0	0	0	0	0	0	0	0	0	0	0	0	0	0	0	0	0	1	2	0	0	0	0
chr5	76785397	76787994	-	NM_018268	INTRON	0	0	0	0	1	2	0	0	0	0	0	0	0	0	0	0	0	0	0	0	0	3	0	1	0	0	1	0	1	0	0	0	0	0	0	0
chr9	88635884	88636815	+	NM_001321881	INTRON	0	0	0	0	0	0	0	0	0	0	0	0	0	0	0	0	0	0	0	0	0	0	0	0	0	0	0	0	0	0	0	0	1	0	0	0
chr10	120820356	120820735	-	NM_003750	INTRON	0	0	0	0	0	0	0	0	0	0	2	0	0	0	0	0	0	0	0	2	1	0	1	0	1	0	0	0	0	1	0	0	0	0	0	0
chr2	113941089	113942533	+	NM_012455	INTRON	0	0	0	0	0	0	0	0	0	0	0	0	0	0	0	0	1	0	0	0	0	1	1	0	0	1	1	1	0	0	0	1	0	0	1	1
chr16	29870655	29870762	-	NM_001286585	INTRON	0	0	0	0	0	0	0	0	0	0	0	0	0	0	0	0	0	0	0	0	0	0	0	1	1	1	0	2	0	0	0	1	0	0	0	0
chr20	33530809	33533755	-	NM_000178	INTRON	0	0	0	0	0	0	1	0	1	0	0	0	0	0	0	0	1	2	0	0	0	0	2	0	0	2	0	0	0	1	0	1	0	3	0	0
chr9	115171301	115179120	+	NM_032303	INTRON	0	0	0	0	0	0	0	0	0	0	0	0	0	0	0	0	0	0	0	0	0	0	0	2	0	0	0	0	0	0	1	0	0	0	0	0
chr12	57574262	57574449	+	NM_002332	INTRON	0	0	0	0	0	0	0	0	0	0	0	0	0	0	0	1	0	0	0	0	0	0	0	0	0	0	0	0	0	0	0	0	0	0	0	0
chr4	152594048	152600964	-	NM_004564	INTRON	0	0	0	0	0	0	0	0	0	0	0	0	0	0	0	0	0	0	0	0	0	0	0	0	0	0	0	0	1	0	0	0	0	0	0	0
chr19	13058445	13059251	-	NM_001270362	INTRON	0	0	0	0	0	0	0	0	0	1	0	0	0	0	0	0	0	0	0	0	0	1	0	0	0	3	0	0	1	0	2	0	3	0	0	1
chr17	27182335	27183281	+	NM_001317985	INTRON	0	0	0	0	0	0	0	0	0	0	0	0	0	0	0	0	0	0	0	0	0	0	1	0	0	0	0	0	0	1	0	1	0	0	0	0
chr17	62793527	62796117	-	NR_024386	INTRON	0	0	0	0	0	0	0	0	0	0	0	0	0	0	0	0	0	0	0	0	0	0	1	0	0	0	0	0	0	0	0	0	0	2	0	0
chr3	172050965	172052733	+	NM_001135095	INTRON	0	0	0	0	0	0	0	0	0	0	0	0	0	0	0	0	0	0	0	0	0	0	0	1	0	0	0	0	0	0	0	0	0	0	0	0
chr20	32264785	32264910	-	NM_005225	INTRON	0	0	0	0	0	0	0	0	0	0	0	0	0	0	0	0	0	0	0	0	0	0	0	0	0	0	1	0	0	0	1	0	0	0	0	0
chr3	23541231	23574044	+	NM_152653	INTRON	0	0	0	0	0	0	0	0	0	0	0	0	0	0	0	0	0	0	0	0	0	0	0	0	2	0	0	0	0	0	0	0	0	0	0	1
chr20	49191191	49194956	+	NM_001278618	INTRON	0	0	0	0	0	0	0	1	0	0	0	0	0	0	0	2	0	0	0	0	2	0	0	0	0	0	0	0	0	0	2	0	0	1	1	0
chrUn_gl000220	115158	156027	+	NR_046235	INTRON	0	0	0	0	0	0	0	0	0	0	0	0	0	0	0	0	0	0	0	0	0	0	0	0	1	0	0	0	0	0	0	0	0	0	0	0
chr13	48835332	49039224	+	NM_021999	INTRON	0	0	0	0	0	0	0	0	0	0	0	0	0	0	0	0	0	0	0	0	0	0	0	0	0	0	0	0	0	0	0	0	1	0	0	0
chr12	111862886	111882542	+	NM_001291424	INTRON	0	0	0	0	0	0	0	0	0	0	0	0	0	0	0	0	0	0	0	0	0	0	1	0	0	0	0	0	0	0	0	0	0	0	0	0
chr4	39891984	39900008	-	NM_001100400	INTRON	0	0	0	0	0	0	0	0	0	0	0	0	0	0	0	0	0	0	0	2	0	0	0	0	0	0	0	0	0	0	1	1	0	0	0	1
chr5	60199543	60200618	+	NM_001007234	INTRON	0	0	0	0	0	4	0	0	0	0	2	0	0	0	0	0	0	0	0	2	0	0	0	2	0	0	0	0	0	0	0	0	5	0	0	0
chr1	160063121	160063499	-	NM_001206665	INTRON	0	0	0	0	0	0	0	0	0	0	0	0	0	0	0	0	0	0	0	0	0	0	0	0	0	0	0	0	0	0	1	0	0	0	0	0
chr10	50668497	50678227	-	NM_000124	INTRON	1	0	0	0	0	0	0	0	0	0	0	0	0	0	0	0	0	0	0	0	0	1	0	0	1	0	1	0	0	1	2	0	3	2	0	1
chrUn_gl000220	113672	157621	+	NR_046235	INTRON	0	0	0	0	0	0	0	0	0	0	0	0	0	0	0	0	1	0	0	0	0	0	0	0	0	0	0	0	0	0	0	0	0	0	0	0
chr1	17429554	17431372	-	NM_007365	INTRON	0	0	0	0	0	0	0	0	0	0	0	0	0	0	0	0	0	0	0	0	0	0	1	0	0	0	0	0	0	0	0	0	0	0	0	0
chr22	36691763	36692888	+	NM_002473	INTRON	2	0	0	0	0	0	0	0	0	0	0	0	0	0	0	0	0	2	0	0	0	0	0	0	0	0	0	0	0	0	0	0	0	0	0	0
chr8	38677150	38697750	+	NM_001146216	INTRON	0	0	0	0	0	0	0	0	0	0	0	0	0	0	0	0	0	0	0	0	0	0	0	0	0	0	0	1	0	0	0	0	0	0	0	0
chr7	92161863	92163715	+	NM_032120	INTRON	0	0	0	0	0	0	0	0	0	0	0	0	0	0	0	0	0	0	0	0	0	0	0	0	0	1	0	0	0	0	0	0	0	1	0	0
chr5	112103087	112164552	+	NM_000038	INTRON	0	0	0	0	0	0	0	0	0	0	0	0	0	0	0	0	0	0	0	0	0	0	0	0	0	0	0	0	0	0	0	0	0	1	0	0
chr19	1221982	1227868	+	NM_000455	INTRON	0	0	0	0	0	0	0	0	0	0	0	0	0	0	0	0	0	0	0	0	0	0	0	0	1	0	0	0	0	0	0	0	0	0	0	0
chr11	118888763	118888991	-	NM_001028	INTRON	2	1	1	11	8	4	3	1	8	4	1	1	1	6	1	3	6	2	3	4	6	7	4	0	4	2	6	6	5	1	0	1	2	3	6	1
chr8	25298189	25301807	-	NM_017634	INTRON	0	0	0	0	0	0	0	0	0	0	0	0	0	0	0	0	0	0	0	0	0	0	0	0	1	0	0	0	0	0	0	0	0	1	0	0
chr17	1494242	1494562	-	NM_001284498	INTRON	0	0	0	0	0	0	0	0	0	0	0	0	0	0	0	0	0	0	0	0	0	0	1	0	0	0	0	0	0	0	1	1	0	1	0	1
chr17	30303633	30315340	+	NM_001321207	INTRON	0	0	0	3	0	0	1	0	1	0	1	0	0	0	0	1	1	1	0	3	0	6	2	1	4	3	1	2	3	0	2	2	2	5	3	1
chr12	124137108	124137253	+	NM_001271866	INTRON	0	0	0	1	0	0	0	0	0	0	0	0	0	0	0	0	0	0	0	0	0	0	0	0	0	0	0	0	0	1	0	0	0	0	0	0
chr11	119045983	119050401	+	NM_001282143	INTRON	0	0	0	0	0	0	0	0	0	0	0	0	0	0	0	0	0	0	0	0	0	1	0	0	0	0	0	0	0	0	0	0	0	0	0	0
chrX	48336906	48337004	+	NM_012280	INTRON	0	0	0	0	0	0	0	0	0	0	0	0	0	0	0	1	0	0	0	0	0	0	0	0	1	0	0	0	0	0	0	0	0	0	0	0
chr2	62110683	62112154	-	NM_006430	INTRON	0	0	0	0	0	0	0	0	0	1	0	0	0	0	0	0	0	0	0	0	0	0	0	0	0	0	0	0	0	0	0	0	0	0	0	0
chr17	40726228	40729230	-	NM_001256016	INTRON	0	0	0	0	0	0	0	0	0	0	0	0	0	0	0	0	0	0	0	0	0	0	0	0	0	0	0	0	0	0	0	0	0	0	0	2
chr7	98508042	98508132	+	NM_001244580	INTRON	0	0	0	2	0	0	0	0	0	0	0	0	0	0	0	0	0	1	0	0	0	0	0	0	0	0	0	0	0	0	0	0	1	0	0	0
chr17	29578598	29579955	+	NM_001042492	INTRON	0	0	0	1	0	0	0	0	0	0	0	0	0	0	0	0	0	0	0	1	0	1	0	0	0	1	0	0	0	1	0	0	0	0	0	0
chr17	8044658	8045122	-	NM_002616	INTRON	0	0	0	0	0	0	0	0	0	0	0	0	0	0	0	1	0	0	0	0	1	0	0	0	0	0	0	0	1	0	0	0	1	1	0	0
chr11	108168087	108173662	+	NM_000051	INTRON	0	0	0	0	0	0	0	0	0	0	0	0	0	0	0	0	0	0	0	0	0	0	0	0	0	0	0	0	0	1	0	0	0	0	0	0
chr19	13059160	13059310	+	NM_001270362	INTRON	0	0	0	0	0	0	0	0	0	0	0	0	0	0	0	0	0	0	1	0	0	1	0	0	0	0	0	0	0	0	0	0	0	0	0	0
chr20	3735166	3736115	-	NM_001039140	INTRON	0	0	0	0	0	0	0	1	0	0	0	0	0	0	0	0	0	0	0	0	0	0	0	0	0	0	0	0	0	0	2	0	0	0	0	0
chr14	79933745	80130120	+	NM_001105250	INTRON	0	0	0	0	0	0	0	0	0	0	0	0	0	0	0	0	0	0	0	0	0	0	1	0	0	0	0	0	0	0	0	0	0	0	0	0
chr19	49610969	49611051	+	NM_001301069	INTRON	0	0	0	3	2	0	0	0	0	0	0	0	0	0	0	0	1	0	0	0	1	0	0	0	0	0	0	0	0	0	1	1	2	2	0	3
chr1	115275437	115276352	-	NM_001007553	INTRON	0	0	0	2	0	1	0	0	1	0	1	0	0	0	1	0	1	2	0	0	1	2	1	0	1	0	0	3	0	0	1	1	1	3	0	0
chr10	90770357	90771766	-	NM_000043	INTRON	0	0	0	0	0	0	0	0	0	0	0	0	0	0	0	0	0	0	0	0	0	0	0	0	0	0	0	0	0	0	0	0	0	0	2	0
chr12	133209094	133210771	-	NM_006231	INTRON	0	0	0	0	0	0	0	0	0	0	0	0	0	0	0	2	0	0	0	0	2	0	0	0	0	1	0	0	0	0	0	0	0	0	0	0
chr1	11177143	11181302	-	NM_004958	INTRON	0	0	0	0	0	0	0	0	0	0	0	0	0	0	0	0	0	0	0	0	0	0	0	0	0	0	0	0	0	1	0	0	0	0	0	0
chr1	8025485	8029404	+	NM_001123377	INTRON	0	0	0	2	0	0	0	2	0	0	0	0	1	1	1	0	2	0	2	0	0	0	2	0	2	0	1	1	0	0	1	1	0	1	2	0
chr12	26808785	26809229	-	NM_002223	INTRON	0	0	1	0	0	0	0	0	0	0	0	0	0	1	0	0	0	0	0	0	0	0	2	0	0	0	0	0	0	0	0	0	0	0	0	0
chr10	90762815	90874898	+	NM_000043	INTRON	0	0	0	0	0	0	0	0	1	0	0	0	0	0	0	0	0	0	0	0	0	0	0	0	0	0	0	0	0	0	0	0	0	0	0	0
chr2	198171746	198288604	-	NM_001195144	INTRON	0	0	0	0	0	0	0	0	0	0	0	0	0	0	0	0	0	0	0	0	0	0	1	0	0	0	0	0	0	0	0	0	0	0	0	0
chr10	90770351	90771753	+	NM_000043	INTRON	0	0	0	0	0	0	0	0	0	0	0	0	0	0	0	0	0	0	0	1	0	0	0	0	0	0	0	0	0	0	0	2	0	0	0	0
chr15	72499221	72499467	-	NM_001206796	INTRON	6	2	5	3	5	6	5	5	6	4	9	5	3	2	3	1	5	4	4	1	2	8	4	1	8	6	7	4	7	1	4	5	8	10	1	6
chr11	61091570	61093089	-	NM_001923	INTRON	0	0	0	0	0	0	0	0	0	0	0	0	0	0	0	0	0	0	0	0	0	0	0	0	0	0	0	0	0	0	0	0	0	0	0	1
chr17	59765193	59770790	-	NM_032043	INTRON	0	0	0	0	0	0	0	0	0	0	0	0	0	0	0	0	1	0	0	0	0	0	0	0	0	0	0	0	0	0	0	0	1	0	0	0
chr2	132256526	132257776	+	NR_026922	INTRON	0	0	0	0	0	0	0	0	0	0	0	0	0	0	0	0	0	0	0	0	0	0	2	0	0	0	0	0	1	0	0	0	0	0	0	0
chr6_ssto_hap7	3850721	3978723	-	NM_021983	INTRON	0	0	0	0	0	0	0	0	0	0	0	0	0	0	1	0	0	0	0	0	0	0	0	0	0	0	0	0	0	0	0	0	0	0	0	0
chr8	130983241	131028615	-	NR_049826	INTRON	0	0	0	0	0	0	0	0	0	0	0	0	0	0	0	0	0	0	0	0	0	0	0	0	0	0	0	0	0	0	0	0	0	0	1	0
chr2	55214834	55237222	-	NM_001321859	INTRON	0	0	0	0	0	0	0	0	0	0	0	0	0	0	0	0	0	0	0	0	0	0	0	0	0	1	0	0	0	0	0	0	0	0	0	0
chr17	12920249	12920387	-	NM_001165962	INTRON	0	0	0	0	0	0	0	0	0	0	0	0	0	0	0	1	0	0	0	0	0	0	0	0	0	0	0	0	0	0	0	0	0	3	2	0
chr11	85981199	85988021	+	NM_001308007	INTRON	0	0	0	0	0	0	0	0	0	0	0	0	0	0	0	0	0	0	0	0	0	0	0	0	0	0	0	0	0	0	0	0	0	0	1	0
chr3	50137484	50137964	+	NR_045388	INTRON	0	0	0	0	0	1	0	0	0	0	0	0	0	0	0	0	0	0	0	0	0	0	0	0	0	0	0	0	0	0	0	0	0	0	0	0
chr20	33334732	33342898	-	NM_001242539	INTRON	0	0	0	0	0	1	0	0	0	0	0	0	0	0	0	0	0	5	0	0	3	0	2	3	5	0	0	3	0	1	1	1	2	2	3	1
chr8	90982781	90983420	-	NM_001024688	INTRON	0	0	0	0	0	0	0	0	0	0	0	0	0	0	0	0	0	0	0	0	0	1	0	0	0	0	0	0	0	0	0	0	0	0	0	0
chr2	38973889	38975188	+	NM_001031684	INTRON	0	0	0	0	0	0	0	0	0	0	0	0	0	0	0	0	0	0	0	0	0	0	0	0	0	0	2	0	0	0	0	0	0	0	0	0
chr22	30738339	30738793	-	NM_005877	INTRON	1	0	0	0	0	0	0	0	0	0	0	0	0	0	1	1	0	0	1	0	1	0	2	0	2	1	0	3	0	0	1	2	1	1	1	1
chr8	30990022	31012139	+	NM_000553	INTRON	0	0	1	0	0	0	0	0	0	0	0	0	0	0	0	0	0	0	0	0	0	0	0	0	0	0	0	0	0	0	0	0	0	0	0	0
chr10	121285630	121286817	-	NM_001005339	INTRON	0	0	0	0	1	0	0	1	0	0	0	0	0	1	0	0	0	0	0	0	0	0	1	0	1	0	0	0	0	0	0	0	0	1	1	1
chr7	32613030	32615566	+	NM_015060	INTRON	0	0	0	1	1	0	0	0	0	0	0	0	0	0	0	0	0	0	0	0	0	1	0	0	0	0	0	0	1	0	0	0	0	0	0	0
chr11	63964869	63964964	+	NM_001282652	INTRON	0	0	0	0	0	0	1	0	2	0	2	0	0	0	0	2	2	0	0	0	0	0	0	0	0	0	0	0	2	0	2	0	0	3	0	1
chr1	1479367	1480242	-	NM_014188	INTRON	0	0	0	0	0	1	1	0	0	0	0	1	2	0	0	0	0	0	0	0	1	0	1	0	0	2	0	0	1	0	1	0	2	0	1	1
chr3	46560553	46563011	-	NM_024512	INTRON	0	0	0	0	0	0	0	0	0	0	0	0	0	0	0	0	0	0	0	0	0	0	0	0	0	0	0	0	0	0	0	0	0	0	1	0
chr9	36967523	37002644	-	NM_001280547	INTRON	0	0	0	0	0	0	0	0	0	0	0	0	0	0	0	0	0	0	0	0	0	0	0	0	0	0	1	0	0	0	0	0	0	0	0	0
chr17	30274702	30293165	+	NM_015355	INTRON	0	0	0	0	0	0	0	0	0	0	0	0	0	0	0	0	0	2	0	0	0	0	0	0	0	0	0	0	0	0	0	0	0	0	0	0
chr4	103504055	103614480	+	NM_001165412	INTRON	0	0	0	0	0	0	0	0	0	0	0	0	0	0	0	0	0	0	0	0	0	1	0	0	0	0	0	0	0	0	0	0	0	0	0	0
chr11	46395785	46395948	+	NM_001105540	INTRON	0	0	1	0	0	0	0	0	0	2	0	0	0	0	0	0	0	0	0	0	0	1	1	0	0	0	0	0	1	0	0	0	0	2	0	0
chr9	98229707	98231032	+	NR_038982	INTRON	0	0	0	0	0	0	0	0	0	2	0	0	0	0	2	0	0	0	0	0	2	0	4	0	2	0	0	3	0	0	0	0	2	2	0	0
chr9	35061686	35061999	-	NM_007126	INTRON	0	0	1	1	1	0	0	2	0	0	0	0	1	0	0	1	0	1	0	0	0	3	0	0	1	0	0	2	0	0	0	0	0	2	0	0
chr12	133256989	133257192	-	NM_006231	INTRON	0	0	1	0	0	0	0	0	0	0	0	0	0	0	0	0	0	0	0	0	0	0	0	0	0	0	0	0	0	0	0	0	0	0	0	0
chr11	108178707	108180884	+	NM_000051	INTRON	0	0	0	0	0	0	0	0	0	0	0	0	0	0	0	1	0	0	0	0	0	0	0	0	0	0	0	0	0	0	0	0	0	0	0	0
chr5	67576373	67576489	+	NM_181523	INTRON	0	0	0	0	0	0	0	0	0	0	0	0	0	0	0	0	0	0	0	0	0	0	0	0	0	0	0	0	0	2	0	0	0	0	0	0
chr12	88481721	88482808	-	NM_025114	INTRON	0	0	0	0	0	0	0	0	0	0	0	0	0	0	0	0	0	0	0	0	0	0	0	0	0	2	0	0	0	0	0	0	0	0	0	0
chr1	19525174	19525292	-	NM_020765	INTRON	0	0	0	0	0	0	0	2	0	0	0	0	0	0	0	0	1	0	0	0	0	0	0	0	0	0	0	1	1	0	0	0	0	0	0	0
chr17	7579933	7590694	-	NM_001126118	INTRON	0	0	0	0	0	0	0	0	0	0	0	0	0	1	0	0	0	0	0	0	0	0	0	0	0	0	0	0	0	0	0	0	0	0	0	0
chr16	89755232	89756960	+	NM_001098533	INTRON	0	0	0	0	0	0	0	0	1	0	0	0	0	0	2	0	0	0	0	0	0	0	0	0	0	0	0	0	0	0	0	0	0	0	0	0
chr14	23776488	23776968	+	NM_001199839	INTRON	0	0	0	1	0	0	0	0	0	0	0	0	0	0	0	0	0	0	0	0	0	0	0	0	0	0	0	0	0	0	0	0	0	0	0	0
chr6	170846428	170852688	-	NM_002793	INTRON	0	0	0	0	0	0	0	0	1	0	0	0	0	1	0	1	0	0	0	0	0	0	0	0	0	0	0	0	0	1	1	0	0	0	0	1
chr19	36124921	36125157	+	NM_001319113	INTRON	1	1	0	2	1	0	1	0	1	0	0	0	0	0	2	3	1	1	0	2	3	2	3	0	2	1	0	3	0	1	0	1	1	2	3	1
chr11	494778	494882	-	NM_002939	INTRON	0	1	0	1	0	0	0	0	1	0	0	0	0	0	0	0	0	0	0	0	1	0	1	0	0	0	0	0	0	0	0	1	0	0	0	0
chr11	2417944	2418033	+	NM_001297649	INTRON	0	0	0	0	0	1	0	0	0	0	0	0	1	1	0	0	0	0	0	0	0	1	1	0	1	0	1	1	0	1	0	1	2	0	1	0
chr17	42232032	42232220	+	NM_024032	INTRON	0	0	0	0	0	0	0	0	0	0	0	0	0	0	0	0	0	0	0	1	0	0	0	0	0	0	0	0	0	0	0	0	0	0	0	0
chr14	66136198	66188492	+	NM_004480	INTRON	0	0	0	0	1	0	0	0	0	0	0	0	0	0	0	1	0	0	0	0	0	0	0	0	0	0	0	0	0	0	0	0	0	0	0	0
chr17	26882079	26883183	-	NM_033198	INTRON	0	0	0	0	0	0	0	0	0	0	0	0	0	0	0	2	0	0	0	0	1	1	0	0	0	0	0	0	0	0	0	0	0	1	0	0
chr12	7252356	7252496	-	NM_001297642	INTRON	0	0	0	0	0	0	0	0	0	0	1	0	0	0	0	0	0	0	0	0	0	0	0	0	0	0	0	0	0	0	0	0	0	0	0	0
chr12	69233204	69498287	+	NM_001145337	INTRON	0	0	0	0	0	0	0	0	0	0	0	0	0	0	0	0	0	0	0	0	0	0	0	0	0	0	0	0	0	0	0	0	0	0	0	1
chr11	61068428	61069728	-	NM_001923	INTRON	0	0	0	0	0	0	0	0	0	0	0	0	0	0	0	0	0	0	0	0	0	1	0	0	1	0	0	0	0	0	0	2	0	0	0	0
chr11	118359475	118365002	+	NM_001197104	INTRON	0	0	0	0	0	0	0	2	0	0	0	0	0	0	0	0	0	2	0	0	0	0	0	0	0	0	0	0	0	0	0	0	0	0	0	0
chr9	133254854	133257570	+	NM_001291815	INTRON	0	0	0	0	0	0	0	0	0	0	0	0	0	0	0	0	0	0	0	0	0	1	0	0	0	0	0	0	0	0	0	0	0	0	0	0
chr17	42399135	42399786	-	NM_001143780	INTRON	0	0	0	0	0	0	0	0	0	0	0	0	1	0	0	1	0	0	0	0	0	1	0	0	0	0	1	0	0	0	0	0	0	0	0	0
chr1	206972351	206998985	+	NM_153758	INTRON	0	0	0	1	0	0	0	0	0	0	0	0	0	0	0	0	0	0	0	0	0	1	0	0	0	0	0	1	0	2	0	0	0	0	1	0
chr2	197649653	197650164	-	NM_001206774	INTRON	0	3	0	0	0	0	0	0	0	0	0	0	0	0	0	0	0	0	0	0	0	0	0	0	1	0	0	0	0	0	0	0	0	0	0	0
chr10	75889750	75893784	-	NM_001320263	INTRON	0	0	0	0	0	0	0	0	0	0	0	1	0	0	0	0	0	0	0	0	0	0	0	0	0	0	0	0	0	0	0	0	0	2	0	0
chr1	114376946	114380313	-	NM_001308297	INTRON	0	0	0	0	0	0	0	0	0	0	0	0	0	0	0	0	0	0	0	0	0	0	0	0	0	0	0	0	0	1	0	0	0	0	0	0
chr1	182848545	182849631	+	NM_001357	INTRON	0	0	0	0	0	0	0	0	0	0	0	0	0	0	0	0	0	0	0	0	0	0	0	0	0	0	0	0	0	0	2	0	0	0	0	0
chr5	10405789	10407213	+	NM_001270660	INTRON	0	0	0	0	2	0	0	0	0	0	0	0	0	0	0	0	0	0	0	0	0	0	0	0	0	0	0	0	0	0	0	0	0	0	0	0
chr9	140107051	140108231	-	NM_001144026	INTRON	0	0	0	0	1	0	0	0	0	0	0	0	0	0	0	0	0	0	0	0	0	0	0	0	0	0	0	0	0	0	0	0	0	0	0	0
chr17	7811337	7811719	+	NM_001005271	INTRON	0	0	0	0	0	0	0	0	0	0	0	0	1	0	0	0	1	2	0	0	0	0	0	0	0	0	0	0	0	0	0	0	0	0	1	0
chr2	84670524	84676772	-	NM_003849	INTRON	1	0	0	1	0	0	0	1	0	0	0	0	0	0	0	0	0	0	0	0	0	0	1	0	0	1	0	0	0	0	0	0	0	0	0	0
chr12	56995186	56995329	-	NM_001300905	INTRON	1	0	0	0	0	0	1	0	1	0	0	0	0	0	0	0	0	0	0	2	1	0	0	0	1	1	0	0	0	0	0	0	0	0	0	0
chr8	90965919	90967510	-	NM_001024688	INTRON	612	1171	1040	1870	1094	1604	1103	1462	1964	1773	1120	1083	1350	1706	307	1074	1546	1829	1769	2607	2011	2253	2186	914	3850	2945	2750	4071	3283	2255	3714	3247	2036	2104	3015	3141
chr8	21856348	21856601	+	NM_015024	INTRON	0	0	0	1	0	0	0	0	0	0	0	0	0	0	0	0	0	0	0	0	0	0	0	0	0	1	0	0	0	0	0	0	0	0	0	0
chr17	29062115	29065509	+	NR_024187	INTRON	0	0	0	0	0	0	0	0	0	2	0	0	0	0	0	0	0	0	0	0	0	0	0	0	0	2	0	0	0	0	0	0	0	0	0	2
chr2	163123735	163123771	-	NM_022168	INTRON	0	0	0	0	1	0	0	0	0	0	0	0	0	0	0	0	0	0	0	0	0	0	0	0	0	0	0	0	0	0	0	0	0	0	0	0
chr17	29096983	29097234	+	NR_024187	INTRON	0	0	0	0	0	0	0	1	0	0	0	0	0	0	0	0	0	0	0	0	0	0	0	0	1	0	0	0	0	0	0	0	0	0	0	0
chr1	157488287	157488489	-	NM_031281	INTRON	0	0	0	2	0	0	0	0	0	0	0	0	0	0	0	1	0	0	0	0	0	0	0	0	0	0	0	0	0	0	0	0	0	0	0	0
chr6	56337020	56338670	-	NM_001144769	INTRON	0	0	0	0	0	0	0	0	0	0	0	0	0	0	0	0	0	1	0	0	0	0	0	0	0	0	0	1	0	0	0	0	0	0	0	0
chrUn_gl000220	117227	159304	+	NR_046235	INTRON	0	0	0	0	0	0	0	0	0	0	0	0	1	0	0	0	0	0	0	1	0	0	0	0	0	0	0	0	0	0	0	0	0	0	0	0
chr7	140439745	140476877	-	NM_004333	INTRON	0	0	0	0	0	0	0	0	0	0	0	0	0	0	0	0	0	0	0	1	0	0	0	0	0	0	0	0	0	0	0	0	0	0	0	0
chr6_mann_hap4	2585940	2586260	+	NM_002117	INTRON	0	0	0	4	0	0	0	0	0	0	0	0	0	0	0	0	0	0	0	0	0	0	0	0	0	0	0	0	0	0	0	0	0	0	0	0
chr10	135106742	135107065	-	NM_001256617	INTRON	0	0	0	0	0	0	0	0	0	0	0	0	0	0	0	1	0	0	0	1	0	0	1	0	0	0	0	0	0	0	0	0	0	0	0	0
chr3	195704122	195706614	+	NR_003264	INTRON	0	0	0	0	0	0	0	0	0	0	0	0	0	0	0	0	0	0	0	0	0	0	0	0	0	0	0	2	0	0	0	0	0	0	0	0
chr7	148511277	148512005	-	NM_001203247	INTRON	0	0	0	0	0	0	0	0	0	0	0	0	0	0	0	0	0	0	0	0	0	1	1	1	2	0	1	0	0	1	1	0	0	0	3	1
chr11	108098423	108099904	+	NM_000051	INTRON	0	0	0	0	0	0	0	0	0	0	0	0	0	0	0	0	0	1	0	0	0	0	0	0	0	0	0	0	0	0	0	0	0	0	0	0
chr1	236347206	236368425	+	NM_003272	INTRON	0	0	0	0	0	0	0	0	0	0	0	0	0	0	0	0	0	0	0	0	0	0	0	0	0	0	0	0	0	0	0	1	0	1	0	0
chr7	148524320	148544329	-	NM_001203247	INTRON	0	0	0	0	0	0	0	0	0	0	0	0	0	0	0	0	0	0	0	0	0	0	0	0	2	0	0	0	0	0	0	0	0	0	0	0
chr11	45880424	45882398	+	NM_001127457	INTRON	0	0	0	0	0	0	0	0	0	0	0	0	0	0	0	0	0	0	0	0	0	0	1	0	0	0	0	0	0	0	0	0	0	0	0	0
chr2	20404052	20405103	-	NM_001006946	INTRON	0	0	0	1	0	0	0	0	0	0	0	0	0	0	0	0	0	0	0	0	0	0	0	0	0	0	0	0	0	0	0	0	0	0	0	1
chr17	30322781	30323826	+	NM_001321207	INTRON	0	0	0	0	0	0	0	0	0	0	0	0	0	0	0	0	0	0	0	0	0	0	0	0	0	0	0	0	0	0	0	0	0	0	0	1
chr13	32968960	32969027	+	NM_000059	INTRON	0	0	0	0	0	0	0	0	0	0	0	0	0	0	0	0	0	0	0	0	1	0	0	0	0	0	0	0	0	0	0	0	0	0	0	0
chr17	40764161	40764444	+	NM_001070	INTRON	1	0	0	0	0	0	0	0	0	0	0	0	0	0	0	0	0	0	0	0	0	1	1	0	0	0	0	0	0	0	0	0	0	0	0	1
chr13	48955579	49016720	+	NM_001162497	INTRON	0	0	0	0	0	0	0	0	1	0	0	0	0	0	0	0	0	0	1	0	1	0	0	1	1	0	0	2	0	0	2	1	2	0	0	1
chr2	239079665	239082149	-	NM_030768	INTRON	0	0	0	0	0	0	0	0	0	0	0	0	0	0	0	0	0	0	0	0	0	0	0	0	0	0	0	0	0	0	0	0	0	0	1	0
chr14	106318595	106329407	-	NR_130468	INTRON	0	0	0	0	0	0	0	0	0	0	0	0	0	0	0	0	0	0	0	0	0	0	0	0	0	0	0	0	0	0	1	0	0	0	0	0
chr17	7579344	7579374	-	NM_000546	INTRON	0	0	0	0	0	0	0	0	0	0	0	0	0	0	0	0	0	0	0	1	0	0	0	0	0	0	0	0	0	0	0	0	0	0	0	0
chrUn_gl000220	114491	156383	+	NR_046235	INTRON	0	0	0	0	0	0	0	0	0	1	0	0	0	0	0	0	0	0	0	0	0	0	0	0	0	0	0	0	0	0	1	0	0	0	0	0
chr6	138196172	138196972	+	NM_001270507	INTRON	0	0	0	0	0	0	0	0	0	0	0	0	0	0	0	0	0	0	0	0	0	0	0	0	0	0	0	0	1	0	0	0	0	1	0	0
chr3	50598495	50599152	-	NM_001171740	INTRON	0	0	0	0	0	0	0	0	0	0	0	0	0	0	0	0	0	0	0	0	0	0	0	0	0	0	0	1	0	0	0	0	0	0	0	0
chr14	20872043	20872769	-	NM_007110	INTRON	0	0	0	0	0	0	0	1	0	0	0	0	0	0	0	2	0	0	0	0	0	0	0	0	0	0	0	0	0	0	1	0	0	0	0	0
chr14	31346934	31348016	+	NM_001135058	INTRON	0	0	0	0	0	0	0	0	0	0	0	0	2	0	0	0	0	1	0	0	0	0	0	0	0	0	0	0	0	0	0	0	0	0	0	0
chr10	43609123	43609927	+	NM_020630	INTRON	0	0	2	0	0	1	0	0	0	0	1	0	2	0	1	0	3	2	1	1	0	1	1	1	0	0	0	0	6	0	1	4	1	0	3	0
chr12	31451158	31476877	-	NM_001135811	INTRON	0	0	0	0	0	0	0	0	0	0	0	0	0	0	0	0	0	0	0	0	0	0	0	0	0	0	0	0	1	0	0	0	0	0	0	0
chrX	3529375	3530217	-	NM_005044	INTRON	0	0	0	0	0	0	0	0	0	0	0	0	0	0	0	0	0	0	0	0	0	0	0	0	0	0	0	0	1	0	0	0	0	0	0	0
chr21	37732375	37732481	+	NM_001320445	INTRON	0	0	0	0	0	0	0	0	0	0	0	0	0	0	0	0	0	0	0	0	0	0	0	1	0	0	0	0	0	0	0	0	0	0	0	0
chr10	12212907	12214763	+	NM_001321648	INTRON	0	0	0	0	0	0	0	0	0	0	0	0	1	0	0	0	0	0	0	0	0	0	0	0	0	0	0	0	0	0	0	0	0	0	0	0
chr7	66234012	66236869	+	NM_001287062	INTRON	0	0	0	0	0	0	0	0	0	1	0	0	0	0	0	0	0	0	0	0	0	0	0	0	0	0	0	0	0	0	0	0	0	0	0	0
chr6_qbl_hap6	1204974	1752228	+	NR_028032	INTRON	0	0	0	0	0	0	0	0	0	0	0	0	0	0	0	0	0	0	0	0	0	0	0	0	2	0	0	0	0	0	0	0	0	0	0	0
